time,shoulder link,upper arm link,forearm link,wrist1 link,wrist2 link,wrist3 link,total_reward
0.0,7.010754345539285e-05,6.188194177924728e-05,-2.0742329093418405e-05,0.00015532229932254565,4.584519485192583e-06,-4.857763569901369e-07,-0.9111607981031667
1.0,-0.0044626296653781025,0.004410530925934792,-0.0031665422510921775,-0.003573166591547122,-0.011112480181871495,-0.0111102181078941,-1.8207170339072047
2.0,-0.010552874641903381,0.008467689547399036,-0.00849881322179386,-0.007586036776211204,-0.026794607071676656,-0.026790334544101686,-2.727022119839371
3.0,-0.01974942257231181,0.011289379776496168,-0.018268821609945526,-0.019178229101901482,-0.043775550268486736,-0.04095179766580077,-3.6275125093410963
4.0,-0.02878799128144581,0.012935825728891636,-0.03115341555393198,-0.03506546814796152,-0.05997556637246296,-0.04758210739619486,-4.521294951044658
5.0,-0.03973903947925277,0.01384209641175267,-0.046103003699196524,-0.039942571017343526,-0.07772971870713775,-0.05236372246559661,-5.406343693197757
6.0,-0.05183101419744725,0.014366961935261527,-0.06237795928538283,-0.053064649375072506,-0.09615641971775428,-0.06021787923042345,-6.281723228912958
7.0,-0.06294059975781104,0.014646121531941083,-0.07952221373358953,-0.06958604877308858,-0.11048189199530913,-0.07446238162279221,-7.147894809611269
8.0,-0.07568627195230279,0.01478993448135966,-0.09724384960173323,-0.08579515510324183,-0.12498852981002319,-0.09143548469284032,-8.003800612738699
9.0,-0.09055106574209801,0.014866040516817544,-0.11534825016262237,-0.10354949440929152,-0.1394185613877853,-0.09787184010993194,-8.848036247144886
10.0,-0.10689873649287385,0.014899655620652881,-0.13371303645557978,-0.12197212231846165,-0.15642714414265466,-0.11162365597274244,-9.679482532272159
11.0,-0.1242151691113427,0.014648592076133917,-0.14937575108136014,-0.1382619469575956,-0.17452601208484705,-0.12839561221274928,-10.497686891727517
12.0,-0.13932787276887584,0.01478242658172892,-0.16598357015288093,-0.14664517182544762,-0.19309545245295762,-0.14641583543950176,-11.303539196897537
13.0,-0.1498030276801688,0.01487613856701217,-0.18332065934912026,-0.15130605930704055,-0.2118602022642896,-0.1631039276731806,-12.099442577331889
14.0,-0.16119188025008033,0.014951632299770583,-0.20115155127763631,-0.16427017165133914,-0.2275696732097265,-0.17885179468709878,-12.885272885229927
15.0,-0.174749331784203,0.014970110554770214,-0.21933887671330807,-0.1807258651742209,-0.24509687757134999,-0.19224148046201203,-13.659579044454883
16.0,-0.18556728194785038,0.014660631747936949,-0.23449511586708352,-0.1949489332383147,-0.2634277706635455,-0.20879133060657762,-14.424068879287342
17.0,-0.19431503972331196,0.01453265350724225,-0.24722687248633857,-0.21183027138030833,-0.27615482836508787,-0.22583320766199672,-15.180801030197562
18.0,-0.20266007989122303,0.01450466574682758,-0.25808326393252773,-0.22988653375266896,-0.28242900443239183,-0.24394993873830875,-15.930630243777289
19.0,-0.21367337075967469,0.01486264669679324,-0.2714566904726568,-0.24840552726346635,-0.29609056536525774,-0.26252570938934977,-16.671540129585452
20.0,-0.22727969570967504,0.01504314754299764,-0.28667877959970406,-0.26658588583849374,-0.3128272653685805,-0.2812916897744811,-17.401324721813854
21.0,-0.2427677590332215,0.015080633474415043,-0.3031428576745295,-0.28120230081690334,-0.3308342449469363,-0.30013627911252605,-18.118349916041492
22.0,-0.2595286757621804,0.014891659323030574,-0.3182014561647423,-0.2982651189856645,-0.34936552674876314,-0.31901338866089796,-18.821929471483035
23.0,-0.2771037097763121,0.014823236712453643,-0.33266097321476346,-0.3156719807436314,-0.36811392109151664,-0.33790394727401757,-19.51165825254186
24.0,-0.2937449929480904,0.014947945384341485,-0.3485214537376117,-0.3312078079209441,-0.38633496882623086,-0.35680000130305084,-20.18778814903861
25.0,-0.3106023222386223,0.015007084825445778,-0.3653809499257779,-0.3480501507953775,-0.40494436600846206,-0.37569837871033723,-20.849986795214935
26.0,-0.32817656077435753,0.01501141571970154,-0.3829092707568347,-0.36608434369367926,-0.41454427845850406,-0.39459772801577936,-21.497818039709195
27.0,-0.3430678768103475,0.014984583474531151,-0.4008856637384749,-0.3846296003894363,-0.42955134340101286,-0.4134974636479147,-22.132500557582876
28.0,-0.35549209252703995,0.014941338297625168,-0.4191756247152274,-0.4033684575813501,-0.4468437471378873,-0.4323973748142224,-22.755439505808404
29.0,-0.3691087337452095,0.01477903210002008,-0.43678222234624986,-0.4185886632324242,-0.4650790122291411,-0.44307352054162297,-23.366000546981283
30.0,-0.3846039998487315,0.0146316952908424,-0.4528974702561056,-0.4359000540715261,-0.48272331609309765,-0.4582231777582814,-23.963271976146206
31.0,-0.4013864755322083,0.01452556395726444,-0.46787817575721813,-0.44774520914706756,-0.5002327269940422,-0.47556612325466224,-24.546599041980823
32.0,-0.41749182596411166,0.014628059612086894,-0.4840853722988254,-0.4469710058603076,-0.5185455135354378,-0.4860886808221552,-25.116052931060107
33.0,-0.43399944349353853,0.014747601647475562,-0.5011447100769642,-0.4504147939893315,-0.5369890494292566,-0.4976264952731372,-25.6712889509555
34.0,-0.4513530601400677,0.014786367268125206,-0.5185535769691242,-0.4603197940853433,-0.5498788795866288,-0.5134156228126813,-26.211797213389534
35.0,-0.4692913775489094,0.014775146637072962,-0.5364557966617152,-0.4712572968793679,-0.566195493506489,-0.5307874957602376,-26.73697547630302
36.0,-0.4875717744302803,0.014196310173648334,-0.5489758095776719,-0.4727946406605355,-0.5789586198967189,-0.5321431066551314,-27.247488230365192
37.0,-0.5054320947354032,0.014414066306879345,-0.5633599286922608,-0.4623083966856903,-0.5952405288827439,-0.5439030563956093,-27.743501582825225
38.0,-0.5214742859782533,0.01462946606926915,-0.5792108796498615,-0.4538950949950977,-0.6078918494641246,-0.5598543947425378,-28.2258824169494
39.0,-0.5368019342709339,0.014453351449621437,-0.5934927971372252,-0.44242818816906887,-0.6241187261579183,-0.5775356106150876,-28.69521133437821
40.0,-0.5513485212603334,0.014585578837458783,-0.608580238351993,-0.43839605314557095,-0.6352819710377978,-0.5949739192372434,-29.152068100772212
41.0,-0.566825401146533,0.014594631344651773,-0.6249754479311685,-0.4256274952358081,-0.6508851417902475,-0.6027481029342847,-29.595557976713977
42.0,-0.5819332492954427,0.014630259254699133,-0.6421611990952432,-0.4169213733747972,-0.6684247396358612,-0.6170282514574718,-30.02562925087497
43.0,-0.5977964792767257,0.014263783763579127,-0.6561496957327089,-0.40649385420643824,-0.6867594709714563,-0.6340180146206053,-30.442388470020166
44.0,-0.6120101606211985,0.014463318077064177,-0.6711940839187611,-0.40847320541309856,-0.6962755296888058,-0.6521281402583111,-30.846995616572634
45.0,-0.6268980581767745,0.014444790569723334,-0.6875974511360294,-0.3980972090934293,-0.7112427491754104,-0.670701761594592,-31.23873571113709
46.0,-0.6404298733080956,0.014481538720536119,-0.70477964870077,-0.39167455306914223,-0.7285216409380019,-0.6818076666039021,-31.618095772839187
47.0,-0.6537417129621133,0.014334083723373367,-0.7216643335427321,-0.3807452870264316,-0.7467492523345891,-0.6966936708398439,-31.985301635553082
48.0,-0.6632380070027342,0.013875759857308514,-0.7333086018817819,-0.36674126984441074,-0.7653738857689252,-0.7056011744151668,-32.34344736126243
49.0,-0.6703188760625437,0.014141903680807378,-0.7471302020220855,-0.34999740696332804,-0.783967854252861,-0.720308873549208,-32.69405844297691
50.0,-0.6772432793087211,0.014109762041410763,-0.7600570062825125,-0.3394754747781192,-0.8027356690240611,-0.7373950798353442,-33.0372848682776
51.0,-0.6874174096938357,0.014003985176783569,-0.772030407049193,-0.32835414255795475,-0.8215774896334322,-0.7555439650870652,-33.37153364669849
52.0,-0.6969346272148899,0.014201269247391657,-0.7861643197721598,-0.31628631785772576,-0.8383624339230408,-0.7741333090341675,-33.69681309619018
53.0,-0.7047550586020993,0.014251070678705168,-0.8019205417557297,-0.30027130591703277,-0.8563514337437927,-0.786811086105731,-34.013767664016015
54.0,-0.7152159155721869,0.0141951420430049,-0.8187770736488742,-0.28255563161996267,-0.8748705314405323,-0.7859198471927455,-34.32082229006581
55.0,-0.7236737201603446,0.013981914038845194,-0.8339119630898774,-0.26416273008087854,-0.8872260556499802,-0.7815866913547049,-34.619450786692454
56.0,-0.7326728075767124,0.01401012575914012,-0.8502479840715597,-0.2454533426568154,-0.9033113034139679,-0.7909886854040505,-34.90939415400902
57.0,-0.7433575335152597,0.013980080925991978,-0.8673391422878811,-0.22663491318062987,-0.9210477624165554,-0.8059651967764921,-35.18955425380324
58.0,-0.7534132315251597,0.013967070212470347,-0.8850052263363585,-0.21161619313003652,-0.9394692668859252,-0.8232433319858716,-35.46012968898814
59.0,-0.7639539836665958,0.013629066590240836,-0.8994267046913813,-0.19744714982828804,-0.9581683621175959,-0.8386673598766453,-35.72145513232172
60.0,-0.7744120273898517,0.013735745337018171,-0.9151856438880034,-0.1835655860903827,-0.976865638427753,-0.8560824070728399,-35.97364869157862
61.0,-0.7870761271344446,0.013732894007842798,-0.9320367372213929,-0.16678956195606906,-0.9931671717894408,-0.874048057237052,-36.21565080221773
62.0,-0.8019789162608064,0.013604557629385746,-0.948261099366777,-0.14877143691250277,-1.0064461478210651,-0.8925562790755551,-36.44662388756915
63.0,-0.8183412558640504,0.01350471705012294,-0.9635287093195701,-0.1326773051595416,-1.0229466592554424,-0.911294157509929,-36.666081999578545
64.0,-0.8356525468452948,0.013592227621433292,-0.9799370498873061,-0.12242899172919405,-1.0392286726391353,-0.9301175337508151,-36.87356591383991
65.0,-0.853530671810414,0.013300905867451128,-0.9945727943007621,-0.10719317950201977,-1.0570185909908432,-0.9489857170521705,-37.069443310234014
66.0,-0.866826093005332,0.013465856831404648,-1.0104948513984022,-0.10026498372213476,-1.073221813865122,-0.9678724185740119,-37.25592970752494
67.0,-0.8763451319186121,0.013329414522027292,-1.024803252458055,-0.09385463553932115,-1.0862164891132366,-0.9867670152627892,-37.43532130978088
68.0,-0.8846488544203193,0.013227711962413631,-1.0384370098044575,-0.08016756770964661,-1.102592375332161,-0.9967494796045115,-37.608915944032965
69.0,-0.895718041703864,0.012960453953116968,-1.0480839987042194,-0.07200515658430678,-1.1204453633184117,-1.0119063290011527,-37.77607205660349
70.0,-0.9051715248420102,0.013016508218557892,-1.0560156922217545,-0.07608880839940378,-1.138918742651652,-1.0292573514419308,-37.937317484963316
71.0,-0.9155645037599525,0.013164859820480658,-1.065452093412981,-0.08019917220199589,-1.1525386142144924,-1.047517088825499,-38.092479298120125
72.0,-0.9275693626391573,0.013224246978683879,-1.0762161298791864,-0.08195828972416347,-1.169169637280383,-1.0627356349051946,-38.24106590653792
73.0,-0.9349915678992016,0.013277873178684028,-1.088513620992,-0.07156564232775553,-1.187137898116608,-1.0788167047721602,-38.38554178940767
74.0,-0.9420424157939621,0.01331544254933571,-1.1019869367352635,-0.0742778910809937,-1.2056466634730159,-1.0965287072623027,-38.52534908071244
75.0,-0.9472338110868664,0.013290483573045804,-1.1168255534672493,-0.07453565158030556,-1.2194246035820797,-1.1149370198115276,-38.661217718555726
76.0,-0.9452446870630868,0.013299985416616627,-1.1324567985304448,-0.0810742844140431,-1.2334511450320318,-1.132829981440972,-38.79490005312585
77.0,-0.9381059038266476,0.01320995896434151,-1.1492306733773328,-0.07936812148878003,-1.2488375651770172,-1.1513000682974537,-38.92888565780797
78.0,-0.9269532252034642,0.013137983860008121,-1.1663197061968174,-0.0842838393505813,-1.260880475975334,-1.1693334440337306,-39.06448114961077
79.0,-0.9176945435127345,0.013019798499911495,-1.1840703293381476,-0.09502493096043618,-1.276848166514603,-1.1868083834586685,-39.20092800399898
80.0,-0.9081375030890987,0.01287392913358394,-1.2022020882865725,-0.09735393637760514,-1.2927835274948198,-1.198396227429814,-39.33946234124929
81.0,-0.8957492220053358,0.012793011287342556,-1.220579142478911,-0.09577957317593624,-1.3067232131295257,-1.2019056226649527,-39.48225281438659
82.0,-0.8816632633561308,0.012735039580997927,-1.2391517053410526,-0.09832702533671493,-1.3235078280355226,-1.2144729148721234,-39.630194296052856
83.0,-0.8677962157298839,0.01259798116967836,-1.25720222744129,-0.101960475185021,-1.3294495482132704,-1.2307559106121317,-39.78410883223935
84.0,-0.8541016583274125,0.012498417855095945,-1.2755184746575883,-0.09784878770216639,-1.3392082684897093,-1.2412716935970163,-39.94506038217041
85.0,-0.8434646845745171,0.012431371181548575,-1.294064352287441,-0.10062151524472063,-1.3510121353671414,-1.254664528061575,-40.1112898618167
86.0,-0.8343693495247637,0.012329483745589152,-1.312743839495741,-0.09909594302646461,-1.3669268861409654,-1.26831706918313,-40.28242065854214
87.0,-0.8225571891989668,0.012073442810700774,-1.3261025821995003,-0.10961739434563218,-1.3845969672559533,-1.2849966649046458,-40.45837011035715
88.0,-0.8191472074605246,0.011952044434979442,-1.3391053364208556,-0.11662017094495333,-1.4019454260444182,-1.2937883564661987,-40.635569087125404
89.0,-0.8188830658621843,0.011979888720953593,-1.35250339261578,-0.11878054813930572,-1.4191252920791317,-1.3084625916727253,-40.81275783285221
90.0,-0.8176103695990031,0.012126475999480725,-1.3676599071757902,-0.1260703800694946,-1.436954251366699,-1.3135242822114737,-40.990159818072144
91.0,-0.8110261972447128,0.01219570308688125,-1.3840565401893752,-0.1346902382796157,-1.4546355158827953,-1.3267208407350457,-41.17049703016639
92.0,-0.8017528886259908,0.011824676481044991,-1.3944545836650204,-0.14679571885662923,-1.4730134672627808,-1.3432636851256687,-41.354363159608255
93.0,-0.7956892004033967,0.011800675514588126,-1.4042743072104535,-0.16283135995485987,-1.4916923408989937,-1.3611893804996293,-41.53986982139641
94.0,-0.7877027392518826,0.012002821541796438,-1.416947404704436,-0.18054368644647698,-1.508890600742278,-1.3796865332087345,-41.728184089289314
95.0,-0.7790871699195265,0.012031091638014479,-1.431758668352199,-0.19895228863353406,-1.527056090303466,-1.390231216055156,-41.920031956580445
96.0,-0.7719998171058228,0.0119140287999566,-1.4470478030663871,-0.21765413527912333,-1.5456503457257762,-1.3982358620008493,-42.114877109651474
97.0,-0.7616978958353579,0.01184477368854828,-1.4629829078235184,-0.22826376822088473,-1.5644287899126819,-1.4068102145481982,-42.31511890212924
98.0,-0.7508501651444972,0.011816688549287326,-1.4799308921119498,-0.2436478851278598,-1.5806792234177858,-1.4180311579602565,-42.521327025574315
99.0,-0.7393549907184412,0.011746622572616341,-1.4975554466104823,-0.26110467325717346,-1.598440266518472,-1.4336974538381038,-42.73386362687974
100.0,-0.7339791065791426,0.01140305310800505,-1.5120982631524718,-0.2794238232981471,-1.6168623477177757,-1.4478494098913073,-42.94937805921623
101.0,-0.7255469016488049,0.011433860882295784,-1.5276525014664672,-0.28714481251501683,-1.6355758439652026,-1.4647281419583946,-43.16998627437655
102.0,-0.7182671137134231,0.01118673521259863,-1.538508732238431,-0.30140977728807355,-1.654391564248247,-1.482791128897197,-43.39426167584088
103.0,-0.7109850114540837,0.01122261884641646,-1.5490212684549722,-0.3167278572748538,-1.6697812881644931,-1.5002919526925667,-43.6222569908919
104.0,-0.700175344034128,0.011118105224958435,-1.556132881715608,-0.3297525746237521,-1.6871734934196683,-1.518595525861331,-43.855149007539175
105.0,-0.6875662769105148,0.011072356247384054,-1.5608878619663702,-0.33996460012961677,-1.7054470402701498,-1.5323689210317992,-44.093578885467274
106.0,-0.6799515940013089,0.011017364536508752,-1.5641186674147949,-0.3518570093852375,-1.7240817928159902,-1.5490663253191075,-44.33481907198981
107.0,-0.6734042675649371,0.011071462162758944,-1.5662072457899932,-0.3678013834202529,-1.7428775428948187,-1.5670534876304458,-44.57779151323731
108.0,-0.663221209177744,0.011159970558431872,-1.5675548756973212,-0.38548166257187516,-1.7617376280003596,-1.5849587713324929,-44.82411823643539
109.0,-0.6499838269550059,0.011210680638585028,-1.5684652108993609,-0.40387831781500766,-1.77980251059445,-1.603437058233134,-45.07550022268511
110.0,-0.6349136314064967,0.011231444730984811,-1.5690840899333782,-0.4218859110720321,-1.7950658209146035,-1.6221624805066979,-45.33323887439837
111.0,-0.6226806745120959,0.011194484590470054,-1.5695498495733182,-0.44040673588559204,-1.812402179858468,-1.6409903857963304,-45.59591720156409
112.0,-0.612036889540935,0.011189488138583097,-1.5698407567506156,-0.4591488596044741,-1.8306580740802336,-1.6554832275866238,-45.86260543517593
113.0,-0.6024777174374104,0.011188460631552578,-1.570034193884907,-0.4779846776880282,-1.8475626682494546,-1.6657046054741849,-46.13288806064307
114.0,-0.5902615097014934,0.011192148464357957,-1.5701369958444291,-0.48877092031429475,-1.8653306306703836,-1.6809260115322584,-46.40820364861641
115.0,-0.5757105773030471,0.011263960014842136,-1.5701824960303858,-0.5042261776069632,-1.8837558638280225,-1.691458005373035,-46.68979596945035
116.0,-0.5673126224179087,0.011182888248258381,-1.5703236362663047,-0.5217225810214384,-1.9024518340658323,-1.7068057314980554,-46.97466124522744
117.0,-0.5572077625320566,0.011226871647718337,-1.5703166366854444,-0.5393681985481674,-1.9207823907264467,-1.7242346513098623,-47.26347917490526
118.0,-0.5452923750654456,0.011234050559105481,-1.5703313672364843,-0.5553427926429487,-1.9343222684684371,-1.7425265047841583,-47.55773178701779
119.0,-0.5380317542039973,0.011151807103151626,-1.5704200874530756,-0.568709027527488,-1.9492753175435327,-1.7611752075272682,-47.85506389265082
120.0,-0.5288165208153771,0.011224044031341598,-1.5703755407316307,-0.585235814497672,-1.9611778617044353,-1.7746950219423563,-48.15650636400998
121.0,-0.5169477975336659,0.01122771633180819,-1.5703694888693858,-0.5977239800360303,-1.9717470843223592,-1.783141049009603,-48.463709569318254
122.0,-0.507739319264006,0.01120944720590787,-1.570408224497408,-0.6138840827842321,-1.986093018827346,-1.7976592166378118,-48.775181825914025
123.0,-0.4974613017214869,0.01121678832950039,-1.5703970843029706,-0.6283238198832375,-2.0030984741809723,-1.81474615402896,-49.091192344181124
124.0,-0.48442588317699636,0.01125803956347495,-1.5703674081817613,-0.6442522593362907,-2.0210505470439326,-1.8197885579421207,-49.4132217072435
125.0,-0.47362865780885993,0.011217644637169106,-1.5704114956379953,-0.6619190903446827,-2.0388084300209544,-1.8272557324173981,-49.74030968510178
126.0,-0.471979827826685,0.01108998928563397,-1.5705246467751592,-0.6791372020161206,-2.0572192164797674,-1.8393584492753083,-50.067615841080254
127.0,-0.4693400065365184,0.011116642981417126,-1.5699147180980253,-0.6958333088171872,-2.07322769961178,-1.8554120734258133,-50.39539158641553
128.0,-0.46157174923753064,0.011224422334835574,-1.570012341719468,-0.7103958950320233,-2.087468533883036,-1.8728825282765442,-50.72660537752882
129.0,-0.4599780270566332,0.011127437619868404,-1.5702355959505512,-0.7259676777546203,-2.104373911199288,-1.891187378662051,-51.05820187466785
130.0,-0.4632545041819018,0.011035734173635294,-1.568989999017078,-0.7434726575981883,-2.113508362861324,-1.9098411833901558,-51.387739218169294
131.0,-0.4707299719118113,0.011102191924283817,-1.5694597816028812,-0.7572969792140841,-2.128319345873836,-1.9147135423123005,-51.712779975241915
132.0,-0.4768505718405377,0.011163772198029285,-1.5697562206248303,-0.7740221048086589,-2.142478772511169,-1.9253636303232127,-52.03405517366104
133.0,-0.48340807421347404,0.011133173768115082,-1.5700057502971603,-0.7877144519458283,-2.153297701941388,-1.9408118356646433,-52.35163039365201
134.0,-0.4825005407154949,0.011216103686307436,-1.5700780841042445,-0.7975009126778971,-2.1687609755788166,-1.9577722174586107,-52.66890782469679
135.0,-0.4838654488475779,0.01115866815015245,-1.570245257829858,-0.807838776156291,-2.1836215212265704,-1.9758617746758829,-52.98515948072674
136.0,-0.48532864785274593,0.011164953603728234,-1.5703115583546337,-0.8186568639729703,-2.2008117857530785,-1.9909323038137936,-53.30012657062257
137.0,-0.48527311199598727,0.01120777190437641,-1.5703328618085244,-0.8341415614620871,-2.2190057361709092,-2.0034091056087604,-53.61473321855957
138.0,-0.4818851526949499,0.011236850847618154,-1.5703396215019976,-0.8516378316979152,-2.237615395503595,-2.018485282706517,-53.93081149843625
139.0,-0.4776709127111458,0.011209380541252721,-1.5703843638153685,-0.8699700713592853,-2.2526495911755204,-2.0233619917076098,-54.24914638975925
140.0,-0.4762161561949546,0.011145074944969025,-1.5704550835536335,-0.888646549428626,-2.2694595152118846,-2.0328307306260585,-54.568418259049054
141.0,-0.47225668276156774,0.011171025393889778,-1.5704369083523138,-0.9074472567488409,-2.283582632594493,-2.0477699845185424,-54.88986531769078
142.0,-0.46704685017398606,0.01116160894912511,-1.5704523917932005,-0.9263145818965314,-2.2939640948282314,-2.0614776063600404,-55.214400344801014
143.0,-0.4576715919272426,0.01119818961699264,-1.5704231991489015,-0.9451982874745536,-2.3057904313694686,-2.0633805906321254,-55.544022556801515
144.0,-0.4562013267160566,0.011057720978140813,-1.5705582621654044,-0.9641222432126366,-2.3216988530192633,-2.0753312694850115,-55.875039201637854
145.0,-0.4603138934771898,0.011010542196547924,-1.5705983320914156,-0.9830269273067413,-2.3381995046389674,-2.0906033190747952,-56.20447501672714
146.0,-0.4693382009616417,0.010986026095348954,-1.5706203094327584,-1.001931359225403,-2.3560890758763513,-2.0988036391617535,-56.529944376454495
147.0,-0.47320058401297704,0.011097123706824892,-1.5705195835708974,-1.0208165359253918,-2.3745792043240574,-2.11323629683575,-56.85378280208277
148.0,-0.48047502497244354,0.01104162702109391,-1.570574600570094,-1.0397369128425222,-2.393098732074616,-2.1302883736833875,-57.17485637063731
149.0,-0.483986965192011,0.011099689718157448,-1.5705171608382793,-1.0570436028091703,-2.41184471967184,-2.1484243529856433,-57.49472054092713
150.0,-0.48294317016353105,0.011143852352162805,-1.5704825877136475,-1.0752620185374027,-2.423456831269547,-2.1670084775118292,-57.81582381692551
151.0,-0.48261784688144577,0.0110631409360926,-1.5705476219496741,-1.0870295795304576,-2.4392506194296417,-2.17387871893337,-58.13767056308801
152.0,-0.4876251918400786,0.010966492436865077,-1.5706296969293478,-1.0928797045685354,-2.456864581771919,-2.187521002580656,-58.45755502527758
153.0,-0.48753497009306074,0.011118517855137266,-1.5705101100981218,-1.106326783893467,-2.466540515147329,-2.2016226859294132,-58.777953237271724
154.0,-0.48971350720660944,0.010997257855787448,-1.5706042295223728,-1.10844353979964,-2.469585029932959,-2.2184940900514714,-59.09764650186207
155.0,-0.4922736128792743,0.01107851393660297,-1.5705536087323693,-1.1204416109553375,-2.4696146441991527,-2.229626010800112,-59.41684734276651
156.0,-0.4913196086605835,0.011140282239864921,-1.5705044954160616,-1.1364995115951615,-2.4689986915940416,-2.229169020478692,-59.73737223019888
157.0,-0.4882960993495914,0.011136887798126948,-1.570508744267857,-1.15369187065328,-2.4748345638690155,-2.239691452440315,-60.06031052354986
158.0,-0.48189349894397165,0.01115062573942162,-1.5704956398022656,-1.1718800032436074,-2.4860345576542464,-2.25512287651613,-60.38717916793407
159.0,-0.47970200409049607,0.010969700592619643,-1.570636244377884,-1.1753267197517367,-2.501711437397013,-2.2725887982997954,-60.71547410735654
160.0,-0.47656825246631035,0.011035824635292384,-1.5705868367627147,-1.1833688658440398,-2.51193032777966,-2.284307834220605,-61.045575950030646
161.0,-0.4708865627839062,0.011106295667437862,-1.5705385035777588,-1.1977114481050941,-2.5264262976318355,-2.2942792962036775,-61.37901456200318
162.0,-0.4680090230724293,0.010987936425530698,-1.5706313301903856,-1.203149641030046,-2.5367835256522513,-2.3011528429736283,-61.71426488066657
163.0,-0.47124759812407074,0.01096155851054387,-1.570666996227976,-1.2144065271217375,-2.550985824574243,-2.3150297685153487,-62.04898815036757
164.0,-0.47434849017188013,0.011019364932930072,-1.5706188399848326,-1.2300908552535428,-2.567931265148754,-2.3318517923196627,-62.38338875980329
165.0,-0.4707596123940987,0.0111061884356354,-1.5705389303977957,-1.2475107538445578,-2.573350586149214,-2.349892644807031,-62.72032112977892
166.0,-0.4669147817590713,0.011051517797863545,-1.5705871010455257,-1.262449646522022,-2.586697156932095,-2.368437463615749,-63.06006288842502
167.0,-0.4630929582168905,0.011009370752445654,-1.570485400409832,-1.2746727497448893,-2.597022055297818,-2.3817574352535336,-63.40234183116552
168.0,-0.45883261669467446,0.010942124576006377,-1.5684505664026513,-1.2907376382653328,-2.605725696639292,-2.3936606506071514,-63.74710992534602
169.0,-0.45877207232323414,0.011047118044603364,-1.5691219529141955,-1.3084527632131855,-2.62031976893709,-2.4078373279647765,-64.09341699899814
170.0,-0.46224204596888874,0.010977715039111066,-1.5696695092275397,-1.326891585889662,-2.6372744048258445,-2.4247525658554627,-64.4399601488894
171.0,-0.47066489531143785,0.010910514989981931,-1.5700531001477207,-1.3456092254879122,-2.6553681586429443,-2.43588566504581,-64.78484641819371
172.0,-0.4738104453398615,0.010999746448722958,-1.5701881777822584,-1.3644144134975433,-2.6739408497813173,-2.4514806184603484,-65.1299734950611
173.0,-0.47483804513101097,0.010032317530144637,-1.57029123319219,-1.3828653512912046,-2.692702264734372,-2.4678219353812922,-65.47679372891942
174.0,-0.47615017129697007,0.010119258447298034,-1.5705052124878698,-1.4007847692626003,-2.711546879601863,-2.4856437217657885,-65.82488753363698
175.0,-0.4808622276194384,0.010361475997623357,-1.5706031919309755,-1.4192581654312533,-2.730343477234212,-2.500988705660876,-66.17298133964782
176.0,-0.48807367182256733,0.010533655435974966,-1.5706563051218716,-1.4379841315496065,-2.740951850958652,-2.51836587703607,-66.52003272160104
177.0,-0.4889681652753568,0.010758731688854906,-1.570591416290916,-1.456797161325924,-2.756358999161426,-2.535563225732626,-66.86832150696726
178.0,-0.48944070968564335,0.010809902954224744,-1.5706409213393,-1.4756865166119626,-2.773813020311764,-2.545974299047314,-67.21838225029464
179.0,-0.49211537414148165,0.010794662523382244,-1.5707112440164912,-1.49079620609302,-2.7887370764404062,-2.561287938232666,-67.56919190144683
180.0,-0.49512003191765763,0.0108355030435894,-1.570714854582263,-1.5064829556391135,-2.8058047754517736,-2.578703297929364,-67.92068750053846
181.0,-0.4927223297438885,0.010896631947258373,-1.57068136533835,-1.516303632416611,-2.815553396436898,-2.592924678964391,-68.2739708910437
182.0,-0.4910581544116382,0.01086392901619286,-1.5707304132825084,-1.52278253384726,-2.8196970651488087,-2.603711746065331,-68.62853980295407
183.0,-0.49158431047766404,0.010888424780186897,-1.5707272339268212,-1.5364980489265536,-2.831949245007666,-2.6191533246703678,-68.98438573873369
184.0,-0.4923103882568099,0.010888871044405292,-1.57073434100048,-1.5512770614941434,-2.834130863961739,-2.6366207296240853,-69.3411645472518
185.0,-0.4921366021208806,0.01090084403688742,-1.570729444185839,-1.5666210884988847,-2.839599067936879,-2.65492837960599,-69.69930314302479
186.0,-0.4975719152960125,0.010829616116778521,-1.5707999226452352,-1.5840411808840864,-2.8494553707391757,-2.673583430503505,-70.05745450014886
187.0,-0.5028300223408445,0.010848064263431472,-1.5707819122721205,-1.5997792968940212,-2.8645639793650455,-2.6923821295446007,-70.41562437250067
188.0,-0.5089656478506701,0.010816246169590558,-1.570810137085292,-1.6093990029661533,-2.881897346028309,-2.7110408137169064,-70.77334817555217
189.0,-0.5137840894763073,0.010870143288426566,-1.5707646207650225,-1.6232566737189755,-2.8934323673939186,-2.729837636341707,-71.13103178782313
190.0,-0.5181079460679621,0.010883578406372678,-1.5707563655027155,-1.6400669674270605,-2.9063798835643406,-2.7486947769328802,-71.48920362634031
191.0,-0.5226368899442466,0.01087321732374666,-1.5707674849236999,-1.6581145331949088,-2.9223026840096935,-2.7668511333899772,-71.84811048052042
192.0,-0.527160441008599,0.010862582732462505,-1.570778120059902,-1.6766693213756907,-2.9399653420992324,-2.7854312538418102,-72.20792788309696
193.0,-0.5300056060928087,0.010871441102756873,-1.5707712541856829,-1.6954297859365968,-2.9583552699415385,-2.804198634699291,-72.56919427339501
194.0,-0.5348922688761618,0.010820994468706437,-1.5708189401376915,-1.7142876758827856,-2.9691615969848555,-2.8230437374660116,-72.93111497596381
195.0,-0.5418086203101176,0.010797416454934242,-1.5708402325105548,-1.733172737956634,-2.984641023307638,-2.839745388077032,-73.29336903898746
196.0,-0.5474269815004591,0.010818689710914412,-1.5708215596529282,-1.752065211398287,-2.9971790305348267,-2.8576993737423217,-73.65612974149856
197.0,-0.5473540559425744,0.01088109085659059,-1.5707670251772496,-1.770959452976833,-3.010094891354716,-2.8762072578972866,-74.02082343214279
198.0,-0.5479003626743104,0.010797347539509642,-1.5708462790271187,-1.7805535147671399,-3.0235009283073566,-2.887481919463157,-74.38691882026791
199.0,-0.5438650183281876,0.010876713162255422,-1.5707725332446736,-1.7955382052094069,-3.0400802899570447,-2.896815325007813,-74.75584929237756
200.0,-0.5395786985844623,0.010847293299027592,-1.5708034408541998,-1.8128462500366025,-3.0580213570754857,-2.9108691987828266,-75.12808113317196
201.0,-0.5351426503824719,0.010822366088771683,-1.5708274263644884,-1.8305338692073325,-3.076526295928405,-2.917729877948953,-75.50367329724234
202.0,-0.5337454185782702,0.010744245994996656,-1.5709010326622177,-1.8441485358710148,-3.0915181916486776,-2.9316285231627233,-75.8814857691485
203.0,-0.53471368910216,0.010716320544021277,-1.5709255658084447,-1.8556044104389242,-3.108739287057212,-2.948460397366548,-76.26083041260104
204.0,-0.5352593137436774,0.010753832891432414,-1.5708901613864164,-1.8713347171336088,-3.1265956268312736,-2.966505380284246,-76.64200778808517
205.0,-0.5397210939154615,0.010697977488500427,-1.5709435003597527,-1.8860116151546957,-3.1449885196277125,-2.984220292620898,-77.02419826156178
206.0,-0.5434622940935795,0.010736537057281318,-1.5709068487244997,-1.9031069685550543,-3.160037233514189,-3.0026161244428904,-77.40737652118007
207.0,-0.5510614416591365,0.008710077625845173,-1.5708726367610621,-1.915526510121261,-3.177282272886535,-3.021307323417473,-77.79160914736231
208.0,-0.5593837173205225,0.009001469540576734,-1.5710059757577732,-1.9316728443703195,-3.187810736125314,-3.0401208839440703,-78.17554669316425
209.0,-0.5657493843101239,0.009620414897345619,-1.5709535788491895,-1.943694748452087,-3.2031717399373765,-3.058985150739604,-78.55936357307574
210.0,-0.5697916625830693,0.010052098530346004,-1.5708962128708852,-1.9596543778734317,-3.218496829763066,-3.072542306271228,-78.94389378211766
211.0,-0.5720121242476126,0.010305818689842795,-1.5708881305663442,-1.9748828856357645,-3.235884696777717,-3.0860276906590425,-79.32974314502742
212.0,-0.57494644855497,0.010441977831063468,-1.5709084966048978,-1.9918245560779326,-3.252693776870327,-3.101408010897102,-79.7169142872266
213.0,-0.5782431935715192,0.010528724829101211,-1.5709250116566562,-2.008108957062151,-3.2707054963110247,-3.118830507159463,-80.1053849203023
214.0,-0.5862581250104929,0.010533291454015046,-1.5709824344839,-2.025909543339617,-3.2812975825845023,-3.1371190627687913,-80.4939327869355
215.0,-0.5947362531088716,0.010560422845186277,-1.5710047322403395,-2.0294359122280463,-3.2966909034399228,-3.1557661670354444,-80.88202595823984
216.0,-0.602555282427649,0.01064456253490927,-1.5709434966259173,-2.042034577314835,-3.3098451271849094,-3.1745617444568754,-81.27004164219355
217.0,-0.6100701965942962,0.010667690696302225,-1.570941406210375,-2.0556362060826534,-3.31115346999609,-3.1874393692827425,-81.65743321197753
218.0,-0.6209899628730318,0.010646664106903136,-1.5709688188894,-2.0723105696909228,-3.3228636805655642,-3.2037475107054973,-82.04447614395666
219.0,-0.6311134343689948,0.010681149537361044,-1.5709454047848204,-2.089806804133915,-3.3378443600912036,-3.219841698032533,-82.43153806609035
220.0,-0.6424043269027181,0.010663527292685075,-1.5709710539300366,-2.1050808137412633,-3.3551097971001993,-3.2371341373612625,-82.81860714880904
221.0,-0.6509688715523313,0.01069462456056515,-1.5709508837762758,-2.1152870718685,-3.367312297508415,-3.248668361520293,-83.2055494256062
222.0,-0.6583023896923076,0.010704264190819471,-1.5709411379568285,-2.12703095206949,-3.383341312355547,-3.256520596457541,-83.59290083843585
223.0,-0.6577737649176177,0.010787900196623387,-1.570866297905186,-2.139028240493636,-3.4010548761228123,-3.266999121445686,-83.98183717277352
224.0,-0.657805646733588,0.010709419431762512,-1.570948142918465,-2.1443862147317603,-3.4144729915366363,-3.2808593900843834,-84.37197214672034
225.0,-0.6528946389727551,0.01075561977922941,-1.5709004360686234,-2.1500571702805438,-3.431021300667948,-3.2976487619479546,-84.76405402125687
226.0,-0.6487511480268421,0.010694160370423096,-1.570960925999005,-2.1509401818457152,-3.4468503676818565,-3.315675441519787,-85.15792725448144
227.0,-0.6483375256417809,0.01063924066860157,-1.571004098729352,-2.1541046415239,-3.4644451807533683,-3.3254196845032262,-85.55321883425133
228.0,-0.6541250710521223,0.010589477453928858,-1.5710384428808173,-2.166475986496268,-3.4828060285079556,-3.34047700584648,-85.94935405987788
229.0,-0.6631259669015609,0.010583092845558228,-1.5710465600479457,-2.1804499760661975,-3.501484196570734,-3.3569723080825034,-86.34587517191754
230.0,-0.6753667501519077,0.01057783606802098,-1.571052816729781,-2.197281726045298,-3.513786466357659,-3.374864190228403,-86.74202494950167
231.0,-0.6897164476006876,0.010499892645457283,-1.5688619106369213,-2.215341952293487,-3.5262188760511464,-3.393346962112454,-87.13681122362904
232.0,-0.7033739200232286,0.010687142038233781,-1.5694637017856845,-2.2284476624527723,-3.5423810872133625,-3.412074514967306,-87.53131127320006
233.0,-0.718278529462383,0.010644039479824166,-1.5700062825078314,-2.233336546837976,-3.560151717030268,-3.427186107425961,-87.92551379109237
234.0,-0.7320298170722854,0.010673547360661981,-1.5702943277844643,-2.2464449026119997,-3.5759929519009366,-3.440104303372226,-88.31956201879355
235.0,-0.7422677030934428,0.010705410699257536,-1.570487057885696,-2.2626681718388446,-3.5935854104933886,-3.4521454130473823,-88.71400163305243
236.0,-0.7517789198925844,0.010677973648500483,-1.570668746361891,-2.2771376230072184,-3.611945830725915,-3.4681342660220227,-89.10896266180788
237.0,-0.7596712941755674,0.010670584920573264,-1.570782245936314,-2.2873724464731655,-3.630622687410215,-3.485828784034925,-89.50448624190177
238.0,-0.7663222884374693,0.010669573055885897,-1.5708420524873938,-2.302606277050214,-3.649430226848055,-3.499020250402919,-89.90074447775153
239.0,-0.7760142602594131,0.010612275065171197,-1.5709396371090785,-2.320008435779897,-3.6682932912851407,-3.5154712478978487,-90.29752732291333
240.0,-0.7888239545983904,0.010578073230733315,-1.5710058182423028,-2.3356214763356946,-3.687178069737924,-3.527254142783365,-90.69449003725516
241.0,-0.8032396416954171,0.010577163700597575,-1.5710290208521,-2.3499089836234797,-3.7033888113927516,-3.5431076044987146,-91.09131994759628
242.0,-0.8133180152234021,0.010642203033589854,-1.5709883535323337,-2.360695640984086,-3.7211304343172578,-3.55377105722753,-91.48832056965439
243.0,-0.8225608630943694,0.010636375069012381,-1.5709954560663948,-2.3761530293575635,-3.7297147203304,-3.5668539276016262,-91.88522573386824
244.0,-0.8308958025193711,0.010626601422802041,-1.5710237815572914,-2.383580667198519,-3.7375799651204336,-3.5833069482402715,-92.28201000950773
245.0,-0.8368280373266542,0.0106429697950745,-1.5710060070495662,-2.391543436182731,-3.7509126242659647,-3.592864102151101,-92.67904281865266
246.0,-0.8440555417430309,0.010605856698975494,-1.5710375686358826,-2.401081371734334,-3.7674974782182202,-3.607837379450891,-93.07644726804749
247.0,-0.8524433095311476,0.010589128816983246,-1.5710495682324628,-2.4131943938260294,-3.785441210739629,-3.625112310831355,-93.4741803779412
248.0,-0.854254153878444,0.010666837389267625,-1.5709819367799407,-2.426040660758953,-3.8039449487920085,-3.643340367348144,-93.87251294865266
249.0,-0.8604951909089308,0.010569834835035373,-1.5710778669186944,-2.4385576784030554,-3.8151110032050073,-3.661962614477667,-94.27104145694976
250.0,-0.8696600830511155,0.010540327367344011,-1.5711158862284766,-2.442266863446756,-3.830731391076323,-3.679919445218758,-94.66970436116455
251.0,-0.8819937436152939,0.010522911351228134,-1.5711221245477762,-2.4471730696026976,-3.842829016007589,-3.69841542364756,-95.06820475823227
252.0,-0.893025877061659,0.010567009663037984,-1.5710768767434997,-2.451973755815534,-3.858823954696515,-3.7171479520543333,-95.46670511840375
253.0,-0.903323334944773,0.01058067114706051,-1.571062673788962,-2.4568088828279957,-3.8754296242730204,-3.734076439417589,-95.86530201060013
254.0,-0.9097115416037137,0.010627143640965165,-1.5710148816387288,-2.4646483194214577,-3.8933621132615355,-3.7419026740483776,-96.26413153308827
255.0,-0.9184227642675051,0.010575696515301687,-1.5710579172472656,-2.4767420021891597,-3.9118641697636347,-3.750670478538588,-96.66315058643136
256.0,-0.92576536174592,0.010593581122628367,-1.5710441472573684,-2.490780995961941,-3.9249806641306515,-3.7652866306130495,-97.06213456206773
257.0,-0.9295997695986348,0.01061884950493948,-1.5710472524172125,-2.492213715773496,-3.941394608266279,-3.7824130660222823,-97.46140684073654
258.0,-0.9324422789502408,0.01060414676876983,-1.571052803426108,-2.494347879233438,-3.9525474109806855,-3.7990593546130884,-97.8608726384522
259.0,-0.9388395724453692,0.010540358121468864,-1.571124589763892,-2.484103992101223,-3.964351489385816,-3.8170016760763623,-98.26062761347126
260.0,-0.9492647260754442,0.010509926766602597,-1.5711146628053603,-2.4859242356412996,-3.973722540358963,-3.8345741007227074,-98.66030206527236
261.0,-0.9626078356452935,0.010504051154504104,-1.571126530975457,-2.4823435766960746,-3.988594225226126,-3.8463577210702495,-99.06003448558313
262.0,-0.9712255122629432,0.010592423406547858,-1.5710325057072343,-2.4852598049263226,-4.001210212426939,-3.8612503044741,-99.45973705253601
263.0,-0.9823992604292185,0.010549769482696883,-1.571069116217447,-2.4927426230012055,-4.017437464067962,-3.8784744770171495,-99.85947946488376
264.0,-0.9945719584451692,0.010553018590813604,-1.5710636996325753,-2.5050350016231184,-4.034960607285836,-3.892571898586755,-100.25914748808341
265.0,-1.0051158224430314,0.010579563179839222,-1.5710628819138668,-2.509315545044462,-4.053286949207121,-3.9017392782382267,-100.6588799674516
266.0,-1.0162845515246417,0.010566501735968827,-1.5710797168059452,-2.509651448070501,-4.071950026550719,-3.916544259953316,-101.05876657994396
267.0,-1.0247868841876158,0.010600509679006725,-1.5710374345786722,-2.513965423403887,-4.090750341695452,-3.929580916888236,-101.4586970224304
268.0,-1.0310448084553934,0.010593523604693424,-1.5706125189470492,-2.520818037625522,-4.105555161888669,-3.9447347069805963,-101.8584559982375
269.0,-1.0409316919517044,0.010557224881032102,-1.570791010081198,-2.529101132221803,-4.118535140292369,-3.958439174087802,-102.25818414818754
270.0,-1.0538153358852922,0.01052910772072139,-1.5709217935202286,-2.531307880913043,-4.131288630178998,-3.9751287161637343,-102.65801155588197
271.0,-1.0687833015494672,0.010524364922144185,-1.5709664662165337,-2.543336441568871,-4.147585537836311,-3.9931133684546385,-103.05773319852239
272.0,-1.0776510183139136,0.010614979009391555,-1.570944856934969,-2.5498886799990363,-4.165407793019434,-4.0091833019356224,-103.45733994624393
273.0,-1.082119163231852,0.010635683539982708,-1.5709525366736816,-2.559180827117343,-4.180853200170417,-4.022507368813372,-103.85672407524476
274.0,-1.0849400773588458,0.010616461569467054,-1.570992417983306,-2.569027164930371,-4.193418204115025,-4.036111383485647,-104.25585299222172
275.0,-1.0834193598269302,0.010638260894731159,-1.5709890081073465,-2.5782633353221693,-4.209616023430632,-4.046718451811904,-104.65462105328093
276.0,-1.0819505150430324,0.01059282711313004,-1.5710376738077703,-2.590264508902605,-4.213872898152723,-4.05601882261957,-105.05303880370595
277.0,-1.0803560637027045,0.010572196837649638,-1.5710685458718836,-2.600546419813396,-4.226761823693544,-4.064205399206088,-105.45108156434293
278.0,-1.0777651239807116,0.010567207083219449,-1.571077919831788,-2.6111729477391243,-4.2359017722789165,-4.078593068744061,-105.84873141582553
279.0,-1.080645529640912,0.010484808549585476,-1.5711572544451073,-2.6215574055906936,-4.250691575491195,-4.092876607372457,-106.24601251366838
280.0,-1.0865436060220148,0.01047415133593621,-1.5711795537999647,-2.6247990751952233,-4.267891856755899,-4.099716647034086,-106.64306766304774
281.0,-1.0937505004462613,0.006417410968120697,-1.5709953677734485,-2.6337735538919502,-4.275238632900904,-4.113609101515057,-107.04107007744814
282.0,-1.0969507208800713,0.006304902006786971,-1.571198623742833,-2.6382745434504478,-4.288828370651641,-4.130438264872082,-107.43898721760175
283.0,-1.1037005690104529,0.007573045968840646,-1.5712525415482044,-2.6366865220877376,-4.303079998187798,-4.148482264566566,-107.83639723511746
284.0,-1.1104233104174017,0.00861337453947875,-1.5711666144688015,-2.6436240950279064,-4.320015212102949,-4.1670283524604566,-108.23297365333264
285.0,-1.118568735128388,0.009267387347117012,-1.5711429960982475,-2.6575344788128494,-4.338104128399529,-4.1857819952125555,-108.6285812057668
286.0,-1.1281458297682856,0.009702656016694807,-1.5711497574904023,-2.664945105244382,-4.355788318764909,-4.199512590013852,-109.02352693971082
287.0,-1.1368453486711583,0.010003738631969128,-1.5711103389040977,-2.6790594201388234,-4.37128028313533,-4.216188231092803,-109.4176118593583
288.0,-1.1442753331730284,0.01020747505133454,-1.5711089161080696,-2.686549270876108,-4.383594130407469,-4.231430315622994,-109.81115803412054
289.0,-1.1521155017978952,0.010309097106220173,-1.5711067164911696,-2.7006993225231133,-4.393647948663185,-4.246182430239075,-110.20399948699314
290.0,-1.1633510790925568,0.01035118412676756,-1.5711500463099994,-2.7115591815262645,-4.408791572497748,-4.263322198253982,-110.59623337884295
291.0,-1.1772541802720051,0.010388039564100424,-1.5711501758778175,-2.7270372009268486,-4.426138260805677,-4.280000328642831,-110.98767099794438
292.0,-1.192894829612429,0.010427012520912146,-1.5711449941864097,-2.7445304429401887,-4.44439617237679,-4.297956199863982,-111.37825576185882
293.0,-1.2066995251594426,0.010500419095579451,-1.5711171055256277,-2.7560029839053595,-4.456243679335361,-4.316465134785705,-111.76840567834722
294.0,-1.218036073118965,0.010536116011473754,-1.5710857401150198,-2.77174221620803,-4.462041523934681,-4.334307559518209,-112.158122538942
295.0,-1.2292388331229263,0.010531468844786687,-1.5710975577748763,-2.789345137680013,-4.475347038207522,-4.350576800912522,-112.54709087577082
296.0,-1.2427825305644626,0.010506453411927845,-1.5711301499828143,-2.8067328225404826,-4.488212671271192,-4.368351603335961,-112.93547838073818
297.0,-1.2543495980788235,0.0105458079335429,-1.5711053864112474,-2.821854072007076,-4.4990331055596915,-4.38678534402623,-113.32337454465923
298.0,-1.265078010204489,0.010543584236004981,-1.571104663496246,-2.8391382823281135,-4.5096279679379,-4.394932224248822,-113.71068534960028
299.0,-1.2668059784520027,0.010648290723960079,-1.5710308438108864,-2.848806920166556,-4.5186757633632375,-4.40209319260544,-114.09718363123118
300.0,-1.270767593439878,0.010555596260709964,-1.5711059691050813,-2.860808457795697,-4.531109800964409,-4.415384062113276,-114.48280831386789
301.0,-1.2728592086262474,0.010581974578432265,-1.571110025622971,-2.857776933688872,-4.5448983685083,-4.431951550129261,-114.86802660008878
302.0,-1.276726560287086,0.010503297250113197,-1.5711382741323294,-2.8573838738845283,-4.56164676714246,-4.44819972466044,-115.25272450192226
303.0,-1.2771805293610172,0.01053639017160724,-1.571098187038207,-2.8589210951666155,-4.579654963725156,-4.465974512591761,-115.63645825728479
304.0,-1.2807784927697419,0.010465945209201797,-1.5711431555692041,-2.8706458965882695,-4.598189400672991,-4.481233666613602,-116.01892772274304
305.0,-1.285180117894802,0.010473915096594913,-1.5711490034936073,-2.882538180932516,-4.61693636352087,-4.4970457925567375,-116.40010510981719
306.0,-1.2868784698776452,0.01050985541973901,-1.57111763563311,-2.898103920658619,-4.635771355587509,-4.511802568973753,-116.77958392675137
307.0,-1.2905247411416234,0.010488271543568625,-1.5711611521500302,-2.9084882766899427,-4.651721458511218,-4.528060639074201,-117.1578911984539
308.0,-1.2990263186129947,0.010449221691594365,-1.5712077657256112,-2.913012472974697,-4.6677476020546695,-4.541161394225599,-117.53566125350774
309.0,-1.3091646843857405,0.010456347612167885,-1.571189947717569,-2.918835203947925,-4.685430031735316,-4.557583325509961,-117.91285846790338
310.0,-1.3179663610417727,0.010485509264310213,-1.5711496518193306,-2.929414408888052,-4.703825348337108,-4.575456670128383,-118.28910191230422
311.0,-1.3292171968117008,0.010469655127067838,-1.5711725340564624,-2.937993301674113,-4.720869310456749,-4.5898844694427074,-118.66477589794921
312.0,-1.3388238948319275,0.010504021496736913,-1.5711337861907815,-2.9494976943918854,-4.73897143759105,-4.60686640099755,-119.03955618203366
313.0,-1.3488466297582713,0.010501398812492289,-1.5711411834323055,-2.9607173396809756,-4.757542419195325,-4.62497162748122,-119.41347876384035
314.0,-1.3570748777335624,0.01053140269815812,-1.5711211756570038,-2.9694480783618893,-4.774308712235785,-4.643542946137354,-119.78662602537156
315.0,-1.3609350019453454,0.010558891904945055,-1.5710814423845436,-2.9840698255872833,-4.78448241643647,-4.658659220390904,-120.15872549959876
316.0,-1.3607974946412853,0.010592314786979718,-1.571076172518087,-2.9910970623121362,-4.7997013267179565,-4.675932693204752,-120.52943849836281
317.0,-1.3660822285375986,0.007749359957174426,-1.5710648319122926,-3.0002663403822587,-4.817084231358469,-4.6915967284777285,-120.89953681787529
318.0,-1.3723374722895854,0.008166359149606459,-1.5712326649758759,-3.0150388424216548,-4.833205060867814,-4.704187114186236,-121.26839935112847
319.0,-1.379080432130838,0.008971443502252603,-1.5711983715403481,-3.0322602572319903,-4.850360779824172,-4.720393326018818,-121.63571123414408
320.0,-1.3895362603710688,0.009486857769398617,-1.5712142341941695,-3.0415225820836276,-4.867802992813632,-4.726698263491242,-122.00231951445022
321.0,-1.4008911581132006,0.009843305900328973,-1.5711834330206675,-3.050958116648934,-4.876639472660733,-4.736515565014651,-122.36901670601861
322.0,-1.41456581050913,0.010062702193719509,-1.5711827505577116,-3.057402060555766,-4.891264271285545,-4.751185320381236,-122.73594873010569
323.0,-1.4300551337687029,0.010195534249609619,-1.5711660511996595,-3.0711109377925636,-4.907844482991954,-4.761593924748979,-123.10297554027807
324.0,-1.4460891198634218,0.01033928813906312,-1.5711525412468168,-3.0716269312449302,-4.92577544755655,-4.77688938400866,-123.47079038723243
325.0,-1.4589788702925124,0.010429920791050373,-1.5710992062879956,-3.0783578541672583,-4.943949659388278,-4.79429664284699,-123.83878322880015
326.0,-1.4677265468722815,0.010489803226658089,-1.5710661836001028,-3.091338173358074,-4.959803536738131,-4.8029598647830465,-124.20630154929563
327.0,-1.4744692962024102,0.010511257611562547,-1.5710749653159002,-3.1062195856346033,-4.9773985240983,-4.809301321983613,-124.57284741776628
328.0,-1.4835567555153133,0.01047743959116208,-1.5711226596797245,-3.1234336220553813,-4.989184397667176,-4.822959897430268,-124.93915721177822
329.0,-1.489543611507033,0.01054735465192343,-1.5710962171679939,-3.1323348669247126,-4.999998587074018,-4.8344245393230825,-125.30522185561422
330.0,-1.4945008846993366,0.01052636259561935,-1.5711047375977727,-3.1470535555250123,-5.015472414437844,-4.850160754865439,-125.67029501820309
331.0,-1.5026781921816172,0.010491950458327516,-1.5711528114404585,-3.158396708721757,-5.032957924029899,-4.86775047362657,-126.034889597808
332.0,-1.5129588176786495,0.010496583881095712,-1.5711636719553101,-3.162007409385919,-5.038607379858614,-4.8834023966522375,-126.40067247848646
333.0,-1.5246738603715393,0.010496772646131225,-1.5711611838472495,-3.1625085646398445,-5.050698619754122,-4.895958187229641,-126.76762664143976
334.0,-1.5345006492732594,0.010501316809565654,-1.5711226794380282,-3.1738429424725845,-5.066559574970095,-4.9112190017446595,-127.13477142817959
335.0,-1.5402883443302675,0.010551242673047046,-1.571088380878333,-3.184400470254385,-5.084199504229848,-4.925986820651264,-127.50123418529908
336.0,-1.548068276748965,0.010496161639592902,-1.5711298806206315,-3.1997593506949475,-5.088217431992443,-4.9345798038410535,-127.8683357040777
337.0,-1.557233719713162,0.010488266345846915,-1.5711412338694006,-3.2172035813639286,-5.100669119056138,-4.949163550509359,-128.23571988530006
338.0,-1.5625066857861325,0.01054237933361009,-1.5710985088387928,-3.2355061683264963,-5.109614754943235,-4.963849025974064,-128.60289516828942
339.0,-1.566570396994238,0.010582875091426804,-1.5711085756406762,-3.2366510088281712,-5.124323741053105,-4.978202360128193,-128.96967647016953
340.0,-1.570789841224012,0.010540706558192649,-1.5711203002803922,-3.242496880159673,-5.141493287666655,-4.995174347802271,-129.33576080010675
341.0,-1.5779546990665394,0.010506047159556883,-1.571155185224575,-3.2435066100369103,-5.15845012629058,-5.005676444211652,-129.70194045806468
342.0,-1.584293051683916,0.010507828466790619,-1.571133144081704,-3.2490044293158613,-5.171968294314826,-5.021024030536448,-130.0682502019113
343.0,-1.5942934464232255,0.010467038026182901,-1.5711692295712805,-3.2545742246896636,-5.188568361948713,-5.038453367562096,-130.43526325737656
344.0,-1.5984444918776153,0.010547940907473907,-1.5710894049662563,-3.262730485086633,-5.206512086861887,-5.045756429593925,-130.80158533336996
345.0,-1.5988345223185276,0.010550995035270828,-1.5710768261582424,-3.2771027505193606,-5.224528233721639,-5.058382522849063,-131.16613947594854
346.0,-1.598120163398337,0.0105560297363114,-1.571093177988112,-3.2873674411267366,-5.243055183805719,-5.068565943389501,-131.52871606178027
347.0,-1.6007263903315752,0.010492495889032507,-1.5711454901918445,-3.3003896021067507,-5.260946270011409,-5.07952605009901,-131.89005117583676
348.0,-1.6049639850902595,0.010476935468783054,-1.5711549644652092,-3.3168276134775954,-5.27941263218861,-5.09506859254352,-132.2504509052701
349.0,-1.6137481165803667,0.010449708108655037,-1.571190333106793,-3.3316088329239046,-5.298134250343512,-5.112578638577881,-132.61104868337702
350.0,-1.6223014860394633,0.010499985677061714,-1.5711568322010063,-3.34165144862185,-5.316957131455383,-5.1262554815595545,-132.97203233326164
351.0,-1.6338809051337073,0.010480021815238553,-1.5711723575733365,-3.3499767474814943,-5.325671319784115,-5.142916797138662,-133.33501997273822
352.0,-1.6396515512178023,0.01055048663498899,-1.5710899010030173,-3.3644384494717867,-5.340324060446323,-5.160889061785574,-133.698144638535
353.0,-1.6473094752514317,0.01051034640714478,-1.5711288550532783,-3.3804993116671964,-5.356973181589431,-5.179405598381224,-134.06163517958814
354.0,-1.65472353345083,0.010532354626047282,-1.5711177808471637,-3.394423090232116,-5.374932517388049,-5.1946682589953115,-134.42547556379637
355.0,-1.6647418917404386,0.010528917375217757,-1.571140122900811,-3.3988053749764795,-5.386258289891221,-5.206518089754391,-134.791065893002
356.0,-1.6752066549513251,0.010529725800942103,-1.5711273454846237,-3.403514680553819,-5.400988995024569,-5.220510525629053,-135.15839880118955
357.0,-1.6805777539206634,0.010563081310329254,-1.5710716556008693,-3.416516362663343,-5.418147124820752,-5.2322194566879086,-135.52584453866535
358.0,-1.6850000146252526,0.010576448540575857,-1.571083361190608,-3.4215294915584167,-5.431551731490158,-5.24805824326841,-135.89346363718425
359.0,-1.6849286307485316,0.010623888875590208,-1.5710492492131516,-3.4198898325175255,-5.4480971818323916,-5.2656902834973485,-136.2599028861547
360.0,-1.6849839068808259,0.01055564035523863,-1.5710849975196548,-3.425302851348332,-5.460087494724165,-5.26576772108863,-136.625366129072
361.0,-1.6841805898812658,0.010569116625866248,-1.5710875864760334,-3.4241008124615586,-5.476028772244732,-5.276998478402201,-136.98945656168604
362.0,-1.6856210060805217,0.010503821212444945,-1.5711266191710798,-3.4288664650467684,-5.486705631176189,-5.28883503739077,-137.35307235203027
363.0,-1.6877487611655029,0.010481011369590105,-1.571131260232197,-3.4418594159933353,-5.502114688179979,-5.304748544666381,-137.7160364872171
364.0,-1.6887888303076497,0.010529165668009434,-1.5711147522072728,-3.4481420649808783,-5.5194495632673926,-5.319390877586209,-138.0780111016097
365.0,-1.6906099636640701,0.01047874658999838,-1.570235749109668,-3.4575719009801005,-5.526866903677227,-5.336479022899279,-138.43977738992297
366.0,-1.6977082683841336,0.010461390413381684,-1.570549042397343,-3.472487653502658,-5.533355572148103,-5.350538554487496,-138.8029590397946
367.0,-1.7028908066613762,0.010533652617126991,-1.5707064207283676,-3.4820304145152443,-5.546689748942239,-5.363503405720901,-139.1667502973354
368.0,-1.7098585070021475,0.010495119672811701,-1.5708634252144802,-3.4969856373365573,-5.563287477816732,-5.379881918039417,-139.531370883399
369.0,-1.7170660806155615,0.010531500422284174,-1.5709391097078287,-3.5058575631602187,-5.581234537991247,-5.3971351477923,-139.89694379676575
370.0,-1.7205164810303086,0.01056535978408202,-1.5709576339726496,-3.518135259970715,-5.599739570189257,-5.415343914018283,-140.2623435492814
371.0,-1.7234053761092387,0.0105539341457181,-1.5710081535977223,-3.5310978272993685,-5.61217143996595,-5.4337803174042785,-140.62773767351095
372.0,-1.721359614141115,0.010626502702376231,-1.5709882020409003,-3.5366078640865046,-5.628287637454333,-5.452485573087643,-140.99150588555963
373.0,-1.7196336963690806,0.010585886049858405,-1.5710398086192423,-3.5410625741946786,-5.646040916565536,-5.471304941120395,-141.35357024429535
374.0,-1.718181143639678,0.010557797934810967,-1.5710662627503482,-3.5477471293031932,-5.664466796512941,-5.490171516123799,-141.71400484834024
375.0,-1.7200355005587757,0.01049036641562451,-1.5711175855813215,-3.561519308921662,-5.68191590125906,-5.501047383479214,-142.0738260432835
376.0,-1.7233990064791302,0.010501199392743682,-1.571122177644266,-3.5741662778131453,-5.696902977321524,-5.508835855222718,-142.43372904824696
377.0,-1.7305879778494562,0.010466824977349666,-1.5711510768099506,-3.59040553622565,-5.708424939290165,-5.521952900278363,-142.7951033595745
378.0,-1.7351380182628289,0.010553089230621553,-1.5710944861887703,-3.6012279240639997,-5.724173877235599,-5.527103605228011,-143.15707617996026
379.0,-1.7353453990377603,0.010582160696761198,-1.5710579155882476,-3.6166999047829127,-5.739819550397036,-5.536987816671451,-143.5182519329004
380.0,-1.7404978688734698,0.010520388080321968,-1.5711229028253506,-3.6307383810688174,-5.75633452497544,-5.5521039512405554,-143.8800715295192
381.0,-1.7463400555087656,0.010530721154653288,-1.5711089389087194,-3.6466524363617756,-5.774228359684555,-5.5694381226897525,-144.24284201992265
382.0,-1.753894303669935,0.010519650840598934,-1.5710633899902509,-3.6643007487023094,-5.789179266306928,-5.5876907808544605,-144.60730154023724
383.0,-1.7536654181202738,0.010641170097226442,-1.5709828954869995,-3.678683781680575,-5.806381499359271,-5.595761791028894,-144.97095446453852
384.0,-1.7546590889516935,0.010582961646931906,-1.571042125054392,-3.69562553895347,-5.82273143682237,-5.600648510801595,-145.334071755943
385.0,-1.7594228935229057,0.010545406629011225,-1.57108610575572,-3.71208606044004,-5.840546075564748,-5.613731816402362,-145.69789613220942
386.0,-1.768814278264202,0.010523489918541592,-1.5711151055853112,-3.7256866945014404,-5.854168607875617,-5.6285763922923735,-146.06425605329872
387.0,-1.7815128116301182,0.010512505401229454,-1.5711179055658366,-3.7423217668371445,-5.870804370297432,-5.645771642901968,-146.43430528100308
388.0,-1.794263485345148,0.010560399909428543,-1.5710820745258314,-3.756408114579412,-5.885908055426197,-5.663966111431285,-146.80829528725195
389.0,-1.802661278303384,0.010615172413862855,-1.5710268081661882,-3.7732521880674126,-5.902491900066268,-5.67694627637465,-147.18477437112722
390.0,-1.813250477764731,0.010600707367361765,-1.5710525196454217,-3.785512443252511,-5.920426667944108,-5.687273103376763,-147.56438003400064
391.0,-1.8260138702918867,0.010585310454196077,-1.5710600335340115,-3.798176344584022,-5.938793437074397,-5.702525800380893,-147.94800453092645
392.0,-1.8339777440234681,0.010634719514830806,-1.5710041167034632,-3.8144503612030207,-5.949034838374326,-5.719915229766951,-148.33443837448425
393.0,-1.8408853398397547,0.010626724613402947,-1.5710123168254244,-3.832259388628643,-5.956631463891224,-5.738190725203507,-148.72335994985886
394.0,-1.8496094871736275,0.010620900538058291,-1.5710301929420254,-3.8461278825805536,-5.970563584367569,-5.756832509149649,-149.11517059927212
395.0,-1.8616011405518615,0.01062119654366871,-1.5710445857391784,-3.8490450923502166,-5.976603813870601,-5.7756257350613645,-149.51133549593058
396.0,-1.8670735930682902,0.01068293094724375,-1.57097252344998,-3.855166185405511,-5.985656880082968,-5.794481366813526,-149.90950611960912
397.0,-1.8748677937475557,0.010643117147504577,-1.571017878857596,-3.8546950941352014,-5.9998570567346485,-5.810560049063161,-150.31006441080365
398.0,-1.8789486898296412,0.010668956427109194,-1.5709832680286209,-3.854352490676664,-6.011093366049331,-5.8282457025898236,-150.71185867474864
399.0,-1.8794138972741747,0.01065489129955365,-1.5709796522805966,-3.8609892566565898,-6.02673070158619,-5.846642321798108,-151.11338938125786
400.0,-1.882708572522994,0.010612432152876362,-1.5710288054625368,-3.862696061302646,-6.036975370691314,-5.865334260044156,-151.51576245019686
401.0,-1.8879252627481347,0.010599172122887466,-1.5710433202886442,-3.860521128462839,-6.041210814966188,-5.882514255535397,-151.9199517230656
402.0,-1.8892343794837143,0.01063168314666015,-1.5710044791155726,-3.862075285274168,-6.054048952018111,-5.90067515726666,-152.3243147691676
403.0,-1.8852336381017185,0.01067344691144017,-1.570970319069221,-3.8624567558909533,-6.070445600237916,-5.919268861514597,-152.72665952135617
404.0,-1.8803209297490646,0.010659313025393274,-1.5709913195913119,-3.858403211182942,-6.08830988684206,-5.935815627774195,-153.1264634769931
405.0,-1.8825507811906457,0.010531745106086014,-1.5710893458699664,-3.861343930400415,-6.106786487629696,-5.944986595460061,-153.52642854635894
406.0,-1.8884550424943283,0.010524508051588957,-1.5710978974443153,-3.8633379120760534,-6.123862878049842,-5.946751518866343,-153.9281491689096
407.0,-1.8937018158833794,0.010547893580036272,-1.5710703156763899,-3.8696429089185624,-6.141979546398304,-5.958617075751101,-154.33151359582013
408.0,-1.8939093415342103,0.01063131519204685,-1.5710078541398766,-3.871690850820755,-6.1605534040175565,-5.968285783738777,-154.73463420889772
409.0,-1.8961014244111638,0.010599698407529242,-1.5710438471580188,-3.8699568364900543,-6.179322680072283,-5.982161136384224,-155.1380778976687
410.0,-1.9036136631990803,0.010521118855265256,-1.5710965051643961,-3.875219705261411,-6.196892424353411,-5.998962235199808,-155.5439792138461
411.0,-1.9151211825682888,0.008453168894342314,-1.5710373021484958,-3.8785539035328784,-6.210467695038384,-6.016993972588219,-155.95389942600184
412.0,-1.9264836278747948,0.008802631257839855,-1.571122673629099,-3.8906185206062784,-6.227088670692481,-6.029091535121909,-156.36808488407283
413.0,-1.9301852451920043,0.009506350521979297,-1.5710114051428634,-3.905231786808184,-6.23151127875812,-6.033611292977217,-156.78406350834095
414.0,-1.926288046158744,0.008320424363746024,-1.570900958027347,-3.9223428998463916,-6.234773162875442,-6.046578648947457,-157.1987888768451
415.0,-1.924762449591959,0.00880415776808121,-1.5710404127763447,-3.934522155527798,-6.247201802773271,-6.0579707501588125,-157.6128140515708
416.0,-1.926743850304635,0.009411484915018975,-1.5710556073515904,-3.9445508364100217,-6.263230165310739,-6.0723274964572695,-158.02746047016967
417.0,-1.930253795712305,0.00981024495968432,-1.5710534997859302,-3.9578442700637235,-6.275043537856206,-6.089259542650853,-158.4434894290994
418.0,-1.9328292490259682,0.010112291149247499,-1.5710251642773418,-3.969565597718413,-6.279821175317925,-6.107344210553478,-158.86068472849524
419.0,-1.9340276238634273,0.010315141478618261,-1.57100447904073,-3.9785678731213503,-6.281783638724646,-6.125907045666037,-159.27851112555493
420.0,-1.9339420110323586,0.010442786570657192,-1.5709935602733647,-3.9856012073714058,-6.282589807558415,-6.140068429269105,-159.69644244584615
421.0,-1.9370393135874255,0.010467136308352889,-1.5710331221389233,-3.9943255745320787,-6.2829232949239975,-6.156930843043359,-160.1156641496799
422.0,-1.938242517151601,0.010531260150900166,-1.5710069760643453,-4.008942672611298,-6.283057565104262,-6.171752890507816,-160.53567533419985
423.0,-1.9379740481377103,0.010624840471858103,-1.570979349826731,-4.010054734375045,-6.283112393140044,-6.188911867692454,-160.95564318683842
424.0,-1.9366978009542675,0.010657981208230029,-1.5709737261523802,-4.003382438620815,-6.2831362560218995,-6.202228816289204,-161.3750121607373
425.0,-1.9309203854729822,0.010600238167479676,-1.5681870937635967,-4.000861099412653,-6.283146320069819,-6.218737565410043,-161.79226795552253
426.0,-1.9278539562869614,0.01066617407305147,-1.5690773171553134,-4.00336520685036,-6.283151985392627,-6.231514769099585,-162.20823523466828
427.0,-1.9228408596892754,0.010674295594278332,-1.5696982088760258,-4.004178843869029,-6.283152190838392,-6.247795954643187,-162.6222537855964
428.0,-1.9139817869537727,0.010711493326155133,-1.5700950931847715,-3.99788541114353,-6.283151696531031,-6.265611001497421,-163.0327484345129
429.0,-1.9106419706487299,0.010613838834724925,-1.5704631968229963,-3.989406661561486,-6.283156452921563,-6.276019071885109,-163.44164779454107
430.0,-1.911897259259121,0.010571311542336995,-1.5706856459310539,-3.979030493371629,-6.283156864544588,-6.280239934439192,-163.8507937209957
431.0,-1.9105219021569324,0.010570332347138917,-1.5707821501049983,-3.9826038274263382,-6.283154677278422,-6.281975308333059,-164.25951446683308
432.0,-1.9035402246193018,0.010656571315286112,-1.570805038951866,-3.981725911737288,-6.2831512597663846,-6.2826883867454715,-164.6656307183331
433.0,-1.8942867561591314,0.01066197036232564,-1.5708611009651712,-3.980249766276345,-6.283152344157256,-6.282762021171276,-165.06817966391233
434.0,-1.8857767248813602,0.010632439761796645,-1.5709255463268157,-3.9795864898051203,-6.283154059872732,-6.282103236387803,-165.4674239713311
435.0,-1.8781169833201334,0.010623243576811277,-1.5709635490742033,-3.976968753122446,-6.283154298135023,-6.282756845180296,-165.86369874069678
436.0,-1.8756214143629397,0.010585867470862929,-1.5710277004480422,-3.966743571491119,-6.2831560461770195,-6.283008958101463,-166.25880760795948
437.0,-1.877395780120452,0.010301134882944096,-1.5710578389309449,-3.9574106083054357,-6.283155994689537,-6.283112944218875,-166.65440205992698
438.0,-1.8822049915473524,0.010296983284035811,-1.5710934938091012,-3.9595721506041563,-6.283156397026135,-6.283155541641106,-167.05177652210998
439.0,-1.8885778475198347,0.010397143263672363,-1.5710765435675438,-3.9612276796691175,-6.283153992276317,-6.283173211890439,-167.45157333354464
440.0,-1.8963956163468891,0.010455908352783922,-1.571067150293314,-3.9652891451933163,-6.283153294584047,-6.283180422462766,-167.85438432751138
441.0,-1.904710165000579,0.010501119941118381,-1.5710517699446886,-3.9736198096050193,-6.283152555304381,-6.283183398307967,-168.26050234485768
442.0,-1.9102444747697906,0.010582189736789715,-1.5710057939504318,-3.9810029208688253,-6.283150573011373,-6.283184661417978,-168.66894329996052
443.0,-1.915572372244276,0.01060907988962229,-1.5710034992830009,-3.9850017062686636,-6.283151286676342,-6.2831852047095085,-169.07952138568638
444.0,-1.920494302270868,0.01064805746451515,-1.5709908655827716,-3.9798459710978733,-6.2831511339771895,-6.28318544914847,-169.49197074293275
445.0,-1.919009174243449,0.010684416724457241,-1.5709444204772252,-3.981083833839962,-6.283150084731004,-6.28318537710017,-169.90400314466896
446.0,-1.9164233324274955,0.01068166902078823,-1.5709624335259569,-3.9760024413489816,-6.283151495340842,-6.283185515027423,-170.3149542674031
447.0,-1.9121256026117872,0.010654441727157534,-1.570973610595573,-3.9772602686429708,-6.2831526699875635,-6.28318540305759,-170.72427783470118
448.0,-1.912834975350347,0.010601650134873524,-1.571035986160759,-3.9721773170999377,-6.283154918425948,-6.2831855297775485,-171.13368313981292
449.0,-1.9082054875059113,0.01066040412155489,-1.5709746342160258,-3.9694736329248386,-6.283151505776917,-6.283185447025321,-171.54139609893656
450.0,-1.903704749951959,0.01065760644566959,-1.5709946004950504,-3.9584644045726147,-6.283152869920341,-6.28318546177239,-171.94720203963792
451.0,-1.9040648627379777,0.010567268276473805,-1.5710602775869866,-3.9521266324534605,-6.28315570527001,-6.283185412937351,-172.35294908004235
452.0,-1.9054381837080718,0.010560221083844272,-1.5710576475023168,-3.949842652610307,-6.283154312988565,-6.283185396743435,-172.75918724673474
453.0,-1.9092127128426473,0.010535430398442928,-1.5710746308214885,-3.952563606296229,-6.283154412822391,-6.283185395118386,-173.16685877070483
454.0,-1.9100247140108373,0.010625570124970502,-1.5710156411894542,-3.945912444465976,-6.283150738247446,-6.283185515925935,-173.57484595598123
455.0,-1.9108465658741747,0.010622264679389946,-1.5710229002977167,-3.935393387476617,-6.283151850624636,-6.2831854660139825,-173.98300449093156
456.0,-1.9092928913620417,0.010636924990768,-1.5710041925120513,-3.92430062740988,-6.283151200280794,-6.283185423438196,-174.39048368850146
457.0,-1.904506292558579,0.010598401035131324,-1.5710046699444336,-3.929819845602481,-6.283151772491413,-6.282246048199908,-174.7962477378419
458.0,-1.9018021107180345,0.010561469585341217,-1.5710436020087033,-3.9397176376277585,-6.283152971847144,-6.282816086921044,-175.20103214222627
459.0,-1.895107875132149,0.010663209304333166,-1.5709835793498093,-3.9377466111135195,-6.283149315290634,-6.283033421858179,-175.60334589781587
460.0,-1.8873163939798678,0.010610274945028243,-1.5710082113353394,-3.9481171585871846,-6.283151839549035,-6.283122972228413,-176.00280767982548
461.0,-1.8846911828406023,0.010606265894569948,-1.5710509381534357,-3.942326284623559,-6.28315329529857,-6.283159907281722,-176.4011018557409
462.0,-1.8867299888215603,0.010516237109517074,-1.5710977000859403,-3.950204480600943,-6.2831552853536445,-6.283174905280802,-176.80015320489196
463.0,-1.887034664240313,0.01062448576851829,-1.5710340794666868,-3.9423535490297446,-6.283151092118786,-6.283181213052624,-177.19930353870035
464.0,-1.8863657091734987,0.010618766842014687,-1.5710293208905404,-3.9347154156905,-6.283151653162717,-6.283183715687673,-177.5981336681352
465.0,-1.885067983589901,0.010587272403883807,-1.5710356026152894,-3.9362253767007496,-6.2831525699848765,-6.283184635567661,-177.99649472799635
466.0,-1.8856024071815138,0.010548488205659713,-1.571060818762125,-3.9453369617505296,-6.283153274900658,-6.283185128001269,-178.3951039196421
467.0,-1.8847436248371205,0.01060689503065043,-1.5710267615646782,-3.9489998681620433,-6.283150989346813,-6.2831854127001545,-178.793469964009
468.0,-1.87825985063446,0.010656474598445827,-1.5709769763470633,-3.9566522009989153,-6.283149655754456,-6.283185423542819,-179.18958023994165
469.0,-1.8767417003852924,0.010613423595744752,-1.5710403372508934,-3.9535486043903245,-6.283153024018576,-6.28318559181464,-179.58495850774256
470.0,-1.871282305127886,0.010638379247570181,-1.5709968315812366,-3.9578822766117985,-6.283151416279508,-6.283185425171751,-179.9784266821324
471.0,-1.8668820185314496,0.010614321493601121,-1.5710236471852352,-3.9612563356802672,-6.283152897190651,-6.283185494834895,-180.37023204577764
472.0,-1.8638537864338387,0.010641326319768446,-1.5710231279760647,-3.9515130570640684,-6.283152623944631,-6.283185530394502,-180.76080123042362
473.0,-1.8640319606636857,0.010561882325407062,-1.5710669379516362,-3.9509650194433354,-6.283154967453974,-6.283185398648267,-181.15135773482913
474.0,-1.864044135437838,0.010563219626140243,-1.570213322138733,-3.9488745426624305,-6.283153121066362,-6.28318548323428,-181.54192942752528
475.0,-1.8667034892738485,0.010498778486528974,-1.5687877155797958,-3.9582486823522656,-6.283154512069914,-6.283185440934615,-181.9335359870587
476.0,-1.8709349685576997,0.010627467965098293,-1.5694738609231587,-3.957375278059947,-6.283151675831673,-6.283185559831292,-182.3267002856299
477.0,-1.87346966806887,0.010614658163333778,-1.5699788165736817,-3.9637690604610176,-6.283151756870988,-6.283185442514644,-182.72090778297027
478.0,-1.876508420219737,0.01062585669429227,-1.5703256800958114,-3.963052853410153,-6.283151649228984,-6.283185568979024,-183.11623575147576
479.0,-1.8795379155358067,0.01062003041641573,-1.5705560436960182,-3.96212982668319,-6.283152047198376,-6.283185509613899,-183.51269909401415
480.0,-1.880670885484051,0.010649964303903624,-1.5706884611804357,-3.9559877929911607,-6.283151059975465,-6.283185536051963,-183.90957085633215
481.0,-1.8822987960492383,0.010598201091009637,-1.5708177189082289,-3.958349217535466,-6.28315310485939,-6.283185392888392,-184.30705750965333
482.0,-1.8852105966402504,0.010593823795502237,-1.570895729457644,-3.958936836074254,-6.281069084055215,-6.283185489383331,-184.705651658065
483.0,-1.8930632541472772,0.010555511749393254,-1.5709794978515133,-3.9581423586444107,-6.2823324339830755,-6.28318549786672,-185.10711032319568
484.0,-1.9014967602624677,0.010566552708130221,-1.5709909748891524,-3.9613979653230253,-6.282815142440567,-6.283185445244216,-185.51184200212938
485.0,-1.9070455537617554,0.01064207440375667,-1.57096070230016,-3.956324402338152,-6.283011468389913,-6.2831855525804805,-185.9187227317568
486.0,-1.914771917380868,0.010581005776451973,-1.5710113898673808,-3.9591755719101682,-6.283096133319981,-6.283185408915666,-186.3285648301179
487.0,-1.9191699881432498,0.010618348788239147,-1.5709802368757124,-3.9672695185974183,-6.283127414066155,-6.2831854423156415,-186.74032116100312
488.0,-1.9226251894569335,0.01063875118576556,-1.5709827544358888,-3.9714010060855913,-6.283141276416469,-6.283185532261057,-187.1535028888167
489.0,-1.9193130988173892,0.010742770750108762,-1.5709160874547121,-3.9631564023062245,-6.283144206454855,-6.2831855539207835,-187.56543957632942
490.0,-1.9115504465522262,0.008349501691636134,-1.5708492844411146,-3.9561223008205113,-6.283146591996832,-6.283185445460901,-187.974199373188
491.0,-1.9045301409164779,0.008649596651531836,-1.5710383828008545,-3.9583254873351112,-6.283155078232758,-6.283185404897951,-188.3802404936112
492.0,-1.898485028257131,0.009297515286954244,-1.5710439064639252,-3.968709637133015,-6.283154289168841,-6.28318545213735,-188.78410133110995
493.0,-1.890724729797235,0.009806021060469414,-1.5710042975941785,-3.9716252986247853,-6.283151840880895,-6.281341870529845,-189.18509292309483
494.0,-1.8852353449862986,0.01005749835158313,-1.5710345637263536,-3.976567649653562,-6.2831540510020485,-6.282460520742727,-189.58399494497627
495.0,-1.885073363834165,0.010207418110678244,-1.5710742568130522,-3.978853330511542,-6.283155440769176,-6.282886828988502,-189.98275788812091
496.0,-1.8862750269958033,0.010334121701666954,-1.5710632003649374,-3.9842213390611754,-6.283154446955787,-6.28306278703044,-190.38203415723947
497.0,-1.8908113680524283,0.010422496320917915,-1.5710690495358508,-3.982429885364071,-6.283154233067867,-6.283135174780487,-190.78296565928144
498.0,-1.893792897376174,0.010498506569605486,-1.5710343702343585,-3.9853112744151042,-6.283152923191981,-6.283164749228116,-191.18512976317803
499.0,-1.8939849018739723,0.01060665064405351,-1.5709902800758997,-3.975913499095615,-6.2831511286597905,-6.283177013219793,-191.5873225600549
500.0,-1.8953888130779992,0.010576672046794793,-1.5710215997510382,-3.969896942948264,-6.283153591271073,-6.283181956102229,-191.98994097538875
501.0,-1.8952753837629424,0.010599404215894394,-1.5710072893850417,-3.9652859225442008,-6.2831526748100845,-6.283184001415844,-192.39250084623652
502.0,-1.8894642587047985,0.010655036654564133,-1.5709617775384794,-3.9623908608437923,-6.2831507634894,-6.2831848376935255,-192.79292615175007
503.0,-1.8834317606835271,0.01064943271869081,-1.5709850159819496,-3.9538787369689947,-6.283152356980179,-6.283185228730428,-193.1909479816062
504.0,-1.8832473748487792,0.0105273572959032,-1.5710720400445837,-3.958326379950308,-6.283156434539072,-6.2831852593210975,-193.58880361327215
505.0,-1.8828233166769934,0.010565717094846312,-1.5710457440011234,-3.963415613587145,-6.283153431692117,-6.283185404173332,-193.9865799319909
506.0,-1.8858453395206831,0.010553962515240815,-1.5710695240877521,-3.9656566449866477,-6.2831540719096255,-6.283185500194639,-194.3854502947326
507.0,-1.887575038572729,0.010566758640144652,-1.5710437374948358,-3.9768713346330093,-6.283152610300484,-6.280929324982084,-194.78514683469695
508.0,-1.8898950150183167,0.01059469695235532,-1.5710362338036914,-3.9838422664911084,-6.283152404460137,-6.282298384105499,-195.1858003219574
509.0,-1.8859181089301758,0.010686382764490509,-1.570961490364901,-3.9872021785382232,-6.283149471656341,-6.2828200270399694,-195.58512058100226
510.0,-1.885292218454138,0.01062877492081456,-1.5710195663802557,-3.9871476130995953,-6.283153646556177,-6.283035420918098,-195.9840990529962
511.0,-1.8840972391838562,0.010641008291911303,-1.5710060654748639,-3.985295467887947,-6.283152912072118,-6.283123847066577,-196.3826276165336
512.0,-1.888811209903309,0.0105509693087463,-1.5700394334573229,-3.979092230722057,-6.283155917515971,-6.283160210187337,-196.78277788239998
513.0,-1.8912134962280598,0.010634109847282556,-1.5703035272123653,-3.9766969945143686,-6.283152679065275,-6.283175014455092,-197.18389352309663
514.0,-1.8919206205238497,0.01062852015403712,-1.5705336452093601,-3.9772820800125346,-6.283152664525612,-6.2831811496976675,-197.58530573432282
515.0,-1.8979760040687363,0.010554313121419702,-1.5707508235665302,-3.981233888775056,-6.283155498326659,-6.28318367956342,-197.98896272833375
516.0,-1.9081855390425864,0.010533770297500907,-1.5708680549105885,-3.988947399790309,-6.2831551614613295,-6.283184735824631,-198.39660268536065
517.0,-1.9152445673176022,0.010589242872216034,-1.5708807397619127,-4.003155958232982,-6.283151683879486,-6.272962630826857,-198.80729738518798
518.0,-1.9174576283465603,0.010700221426217849,-1.5708616405554676,-4.002962356734793,-6.281784554348047,-6.274883200875358,-199.2189982998378
519.0,-1.919172282475963,0.01068203033664635,-1.5709095914215159,-4.000018370809824,-6.28261365882064,-6.279845331938409,-199.63131211484713
520.0,-1.9149714870433772,0.010707343676812059,-1.5708919246919757,-4.002338986444581,-6.282929780317825,-6.281811321984289,-200.04213934705027
521.0,-1.90570986662791,0.010757291361533309,-1.5708797921576871,-3.9943116081327035,-6.283059756812293,-6.282621064323359,-200.44932466324173
522.0,-1.899611509118049,0.010649645946811117,-1.5709713378847978,-3.991136698419199,-6.283118208843277,-6.282953544435761,-200.85399187507093
523.0,-1.8982518745094277,0.010582662427101982,-1.5710324139603036,-3.990020057104375,-6.283141566068708,-6.283090176282909,-201.25801437790994
524.0,-1.8981861018490203,0.010582379685920865,-1.5710355980932957,-3.9897330950827974,-6.283149101545694,-6.283146320110272,-201.66199183069833
525.0,-1.899675621716042,0.010560036975572623,-1.571049627074794,-3.995776730175261,-6.283152859407878,-6.283169336984283,-202.06658824572497
526.0,-1.9000333715608475,0.010628092516490491,-1.5710129414812943,-3.991583739373549,-6.283151650983737,-6.283178963306995,-202.4713099970827
527.0,-1.894437819577046,0.01069918383331706,-1.5709538495483368,-3.982858156428063,-6.28315029498574,-6.28318279017866,-202.8738930965709
528.0,-1.885916987800446,0.010703806102897609,-1.570953134598662,-3.969826522095233,-6.283151940934728,-6.283184313090231,-203.27309784102914
529.0,-1.879367648550882,0.01065111193501425,-1.571000545110633,-3.953367715920396,-6.283154678902608,-6.2831849046565305,-203.669582182226
530.0,-1.8740003656884372,0.010583942898636962,-1.5710336498290114,-3.9471731053336416,-6.283155474193721,-6.283185123413946,-204.0639545699414
531.0,-1.8710573292410715,0.010553707166342144,-1.5710603355818427,-3.9433981904878177,-6.283155206585276,-6.283185303061165,-204.4571345616417
532.0,-1.8728384485245475,0.008480949445182892,-1.571025631115868,-3.9329433747571643,-6.282834459026813,-6.283185370372993,-204.85071842719074
533.0,-1.87149911393673,0.00883897446848936,-1.5710945994527803,-3.9330294136639745,-6.283028633893655,-6.28318535458442,-205.24388531326085
534.0,-1.8717778721957383,0.009443805610862402,-1.571084814448514,-3.928030294348886,-6.283101351603923,-6.283185492540563,-205.63709328544053
535.0,-1.8714778918424573,0.009830515231297307,-1.571063134794202,-3.931523506403902,-6.283131223449638,-6.283185370033982,-206.0302518564877
536.0,-1.8768675572186333,0.010028300928509336,-1.571108553833153,-3.939075131431289,-6.283145586894243,-6.283185430923099,-206.42537305644544
537.0,-1.8817290076827236,0.010257369551529338,-1.5710595703675425,-3.944007064464815,-6.28314762163833,-6.283185514086052,-206.8224166819356
538.0,-1.8822605759309872,0.01042268850409645,-1.5710067429687558,-3.9508543651570234,-6.283148076781879,-6.28318548547727,-207.21983095996575
539.0,-1.8804516763199388,0.010513510540056606,-1.5709936430348674,-3.9567408746543284,-6.283149397892689,-6.283185518113751,-207.61666422335077
540.0,-1.8812365018338124,0.010540800067019246,-1.5710244176705686,-3.9551655957251532,-6.28315165289577,-6.283185593980831,-208.01371869189148
541.0,-1.8817113058263621,0.010578381494684838,-1.5710155828861172,-3.9508790673603014,-6.283151569202483,-6.283185539201381,-208.41092851119194
542.0,-1.8834047615230674,0.010544826161839382,-1.5710417901437834,-3.9557760498422625,-6.283153377289178,-6.2831854056591006,-208.8087951391142
543.0,-1.8821074074832895,0.010627232437991114,-1.5709963430005738,-3.9523909685448606,-6.283150428777261,-6.283185558686146,-209.20621480104487
544.0,-1.880932843908547,0.010601054717849591,-1.571017605743358,-3.9529590547995204,-6.283152400321737,-6.2831854491785775,-209.60317812077645
545.0,-1.8810576414461664,0.010585456470652508,-1.5710344497937332,-3.9548470201393053,-6.283152984092985,-6.283185463766502,-210.0001795063062
546.0,-1.8820840002064518,0.01058927335321661,-1.5710374465802592,-3.955510632497332,-6.283152712283766,-6.283185496103901,-210.39756136454912
547.0,-1.882508765444988,0.010599563226160602,-1.571027780223428,-3.9575393607626315,-6.283152234425136,-6.283185474042269,-210.79514160919933
548.0,-1.8822532124475206,0.010593078471304924,-1.571026616817278,-3.965206677608304,-6.2831523903529165,-6.283185451145469,-211.19271611931364
549.0,-1.8763328605688765,0.010688094050894503,-1.570961059727565,-3.964678810728229,-6.2831492546134164,-6.283185575402749,-211.58817347053193
550.0,-1.868532925366201,0.010686749540039746,-1.570968444025445,-3.9599401573169115,-6.283151023693675,-6.283185548097473,-211.9806674029981
551.0,-1.8641888171669658,0.010605201929758293,-1.5703944869437878,-3.953314993435484,-6.28315421907521,-6.283185514636542,-212.37140200091113
552.0,-1.8631096333511845,0.010568947098280544,-1.5706227849379872,-3.955872896231323,-6.283155258104525,-6.283185366384727,-212.76168774879432
553.0,-1.8673790804513914,0.01054467048608093,-1.5707994881976612,-3.9526577497222295,-6.283155069787735,-6.28318552069586,-213.15343146225655
554.0,-1.8685173744639731,0.010566305131966443,-1.5708492195183814,-3.9621090819744387,-6.283152363768545,-6.283185434992087,-213.5457673628262
555.0,-1.8745951895615824,0.01053171958125862,-1.5709560751737908,-3.971102676203401,-6.283154379629781,-6.283185487190692,-213.9403554912302
556.0,-1.8784945958792407,0.010578766589654048,-1.5709499357716408,-3.9858297510789815,-6.283151476546096,-6.28318556027233,-214.33664530706068
557.0,-1.8826721223701997,0.010590744255647174,-1.57097520780037,-4.001850192146245,-6.283151971034322,-6.28318560683442,-214.7346974382242
558.0,-1.8846587089632605,0.010638408105410177,-1.5709592159948005,-4.017078719150841,-6.283150996119042,-6.283185627972081,-215.1337540639632
559.0,-1.8832626836553668,0.010696349460948084,-1.5709348589714986,-4.025704513361538,-6.283150541487971,-6.283185634162132,-215.53245450261878
560.0,-1.8845356745551445,0.010673664047469819,-1.5709771837913962,-4.024320215973629,-6.2831534777119336,-6.283185670805446,-215.93156152217145
561.0,-1.8891023475693727,0.010643822966961288,-1.5710076105178035,-4.017287855776481,-6.2831551050305805,-6.28318557969992,-216.33228474650534
562.0,-1.8869088141664785,0.010709810933588722,-1.5709389557821922,-4.010469614979887,-6.283151591648744,-6.282223629596989,-216.7322421960031
563.0,-1.8836841621036302,0.010651742703659439,-1.5709744463983506,-4.012360929764561,-6.283154461869258,-6.282807151532338,-217.13096730871408
564.0,-1.8794962527955286,0.010672502206301638,-1.570970785864073,-4.007276998315595,-6.28315356277881,-6.283029684639721,-217.5280468722105
565.0,-1.8813377169940224,0.01056588423693418,-1.5710537658616792,-4.009023700279227,-6.283157756469644,-6.2831213988550525,-217.92570296845577
566.0,-1.8842860239442587,0.0105618610319238,-1.5710472332725651,-4.0178493526523,-6.2831558854243195,-6.283159144784886,-218.32459450996404
567.0,-1.89205974360681,0.010536998464467274,-1.5710756350499413,-4.028061103553161,-6.283156661870299,-6.28317469674397,-218.72652071468985
568.0,-1.9022683844901576,0.010603811816568462,-1.5710431243763643,-4.0241757318795,-6.283154278985624,-6.283181186466701,-219.13235694909505
569.0,-1.9119184564420306,0.01063654905425385,-1.5710115646225562,-4.016656633039028,-6.283153316110545,-6.283183724751252,-219.54189786033723
570.0,-1.9214861707734623,0.010628815765771632,-1.5710066987106466,-4.011308731316777,-6.283153786301019,-6.283184712567178,-219.95512922700456
571.0,-1.9224843517235395,0.01069329179585193,-1.570930785458427,-4.014809534155251,-6.283150598198917,-6.283185054212938,-220.36901533984292
572.0,-1.9211040666316765,0.010663486246367756,-1.570952943686718,-4.0253167839736586,-6.283152590944544,-6.283185323172122,-220.78254306746476
573.0,-1.9222288445498832,0.01066917949202094,-1.5709801835117745,-4.022061749316605,-6.283153819801534,-6.2831855487074,-221.19641011616537
574.0,-1.9234561390548461,0.010640111840306573,-1.5709922732644541,-4.024065476533355,-6.283154724702579,-6.283185437799421,-221.61079823371992
575.0,-1.923630403670797,0.010662586066869989,-1.5709813159683585,-4.020786521713579,-6.283153709617593,-6.283185532340318,-222.0252307009116
576.0,-1.9293268751821584,0.010597022299787113,-1.5710416002990588,-4.01477971764713,-6.283156713087862,-6.283185515602769,-222.44168804304698
577.0,-1.9346649504986206,0.010631243075333776,-1.5710124383030257,-4.004388543052306,-6.2831544510982145,-6.283185463641786,-222.86012883441902
578.0,-1.9397497885014132,0.010611310125011326,-1.5710158899761848,-3.998720976588492,-6.283154605606731,-6.283185405013814,-223.28049379237896
579.0,-1.9405720269847453,0.010661272798807618,-1.570972378150329,-3.9917814301018915,-6.283152101400941,-6.283185447402012,-223.70117262982615
580.0,-1.934989210837661,0.010703958605643216,-1.5709324375506883,-3.9855721240187703,-6.2831508829102125,-6.283185429545594,-224.11966631432816
581.0,-1.9319207501137232,0.010633104942364949,-1.5709977867536227,-3.9796436356368785,-6.2831545853464155,-6.283185438238295,-224.53675977630562
582.0,-1.9301221452793997,0.010631600509255242,-1.5710096289769129,-3.967791301206881,-6.283154349966286,-6.283185425655734,-224.9529409066982
583.0,-1.923247122453311,0.01066054586615673,-1.5709704052760312,-3.9601384065597407,-6.283152146899705,-6.283185394203352,-225.36642870763188
584.0,-1.9135964895179867,0.010614882528934558,-1.570985796450615,-3.9681604045093364,-6.283153269964795,-6.283185353890292,-225.7762975341705
585.0,-1.912349114112249,0.010557076390775607,-1.571073415245282,-3.9648995874801525,-6.2831562000285,-6.283185547397568,-226.18543583066622
586.0,-1.9090899456218409,0.010620892706102248,-1.5710216304914781,-3.95693874722932,-6.283152637925331,-6.283185507553386,-226.59328675006688
587.0,-1.903237092197451,0.010654639887620049,-1.570999180889088,-3.943104289940158,-6.2831521167616735,-6.283185424873345,-226.99875724273085
588.0,-1.8990143005533462,0.010595228735749732,-1.5710377791764145,-3.933084878382508,-6.283154059535641,-6.2831854043377335,-227.40243969182467
589.0,-1.890735659809199,0.010619217254828351,-1.5710015064536829,-3.9296455000234847,-6.283152035489086,-6.283185348954045,-227.8030296864484
590.0,-1.885517494593425,0.010570424318812603,-1.5710517197392861,-3.926288073968541,-6.283153946390672,-6.28318542477608,-228.20152441935736
591.0,-1.8809060338015662,0.010543384819028808,-1.5710590739112378,-3.9337615362448277,-6.283153591064474,-6.283185388738916,-228.5983472951796
592.0,-1.878708255286377,0.01053178047751423,-1.5710767346653063,-3.944200422655002,-6.283153537504525,-6.280977045370682,-228.99438840517044
593.0,-1.8801486724568501,0.01049197647733735,-1.570333299632472,-3.95793886145059,-6.275500525442884,-6.2817057529036555,-229.3911314494544
594.0,-1.8795647571149052,0.0106063945128171,-1.5705073693422025,-3.9700910745194604,-6.276934450360952,-6.282587333076633,-229.78782973690306
595.0,-1.884561777214424,0.01057693499522291,-1.5707248174862536,-3.9737520814215026,-6.280651766064164,-6.282939613414573,-230.186295255153
596.0,-1.8913925537700802,0.010592170111436372,-1.5708244984263964,-3.973616554540594,-6.282125180681525,-6.2830845275157365,-230.58733597481012
597.0,-1.89568053010688,0.010641230388021655,-1.5708567082667706,-3.9694583759160174,-6.2827291191836006,-6.283144042995743,-230.9900312666348
598.0,-1.8970091661404092,0.010671682696269684,-1.5708819842967545,-3.9606078498548816,-6.28297750951921,-6.283168448551791,-231.3931874894917
599.0,-1.8970641857089903,0.010644044625986658,-1.5709264717551525,-3.955226882111053,-6.28308091532034,-6.283178425687697,-231.79631373796374
600.0,-1.8984221455081354,0.010602104916341894,-1.570978547430867,-3.9532690618050608,-6.283124146029202,-6.283182535354909,-232.199898769456
601.0,-1.8949272855676664,0.010640392904765185,-1.5709505191539737,-3.9568932932916376,-6.283139047183663,-6.283184209156621,-232.60230142805173
602.0,-1.8864220936340041,0.010682289423706035,-1.5709315895455458,-3.959472213563697,-6.2831451536574745,-6.2831849867878455,-233.0015818382796
603.0,-1.881419026551544,0.010632157983430585,-1.570999358554598,-3.9557251885155282,-6.283151247888545,-6.279840701652297,-233.3988257412884
604.0,-1.8802563184469083,0.010590802704309519,-1.5710409930715643,-3.949707975847378,-6.283153579458558,-6.281870257964453,-233.7954938919751
605.0,-1.8758935935043364,0.010602545882652994,-1.5710115568406426,-3.953539788480009,-6.2831523271872,-6.2805319297235425,-234.19063153109764
606.0,-1.8781461399169925,0.010537570250570233,-1.5710842847259958,-3.9543966899427896,-6.283155183741869,-6.282132625406304,-234.58646524017476
607.0,-1.882670331469465,0.010559107195005335,-1.571071544084148,-3.951658397459506,-6.283153453181629,-6.2827519841213135,-234.98395919962923
608.0,-1.8866235169837897,0.01056904690521514,-1.5710522136638498,-3.954055935440068,-6.283152644906734,-6.283007354679966,-235.38299471343086
609.0,-1.8897903546463142,0.010576849815298404,-1.571039563686946,-3.961683671257913,-6.28315213744679,-6.283112284588319,-235.7833355832919
610.0,-1.8954538603516273,0.010572426414620308,-1.571053466586591,-3.967430033662112,-6.283152783733646,-6.283155459585896,-236.1858554893123
611.0,-1.9053869904110512,0.010150515595402941,-1.5710621562018856,-3.9747159304242374,-6.283153524473537,-6.283173147766066,-236.59218813698635
612.0,-1.9130467337091601,0.010309433546405867,-1.5710189555033733,-3.971031350139394,-6.28315058162188,-6.283180546693027,-237.0015265807564
613.0,-1.9213064461557159,0.010417528012073936,-1.5710201514645665,-3.9640831465067916,-6.283151727880474,-6.283183461899233,-237.4139727230324
614.0,-1.9281553900651742,0.010479144414445585,-1.5710086899248148,-3.96505369734551,-6.283151933025644,-6.283184543148109,-237.82915222866376
615.0,-1.9342460050906707,0.01056691026857848,-1.57099306669694,-3.955545973929434,-6.283151019236855,-6.283185136923065,-238.24660411716957
616.0,-1.935703394877237,0.0106325107891277,-1.5709577946964741,-3.9440843542097155,-6.2831498764345195,-6.283185295176286,-238.66456345444126
617.0,-1.9349082995488542,0.010581549048462782,-1.570985302315529,-3.9499473126405458,-6.283151996472933,-6.283185281192889,-239.08232112477683
618.0,-1.9290853964408365,0.010647093517415128,-1.5709503948469514,-3.9554597743136375,-6.283149908193761,-6.283185412480335,-239.49799580133885
619.0,-1.9199497012272708,0.010711184638983401,-1.5709347990845295,-3.9465636639378974,-6.283149666580743,-6.283185516629326,-239.91004503254138
620.0,-1.9128615778245561,0.010619143125309741,-1.5710019070230676,-3.9448829537149477,-6.276063524891997,-6.28318541831018,-240.31934496337482
621.0,-1.9063545034991414,0.010618268117533558,-1.571012206986831,-3.9414614723647694,-6.280308946015299,-6.2831854678454055,-240.7260301560603
622.0,-1.8961326046585323,0.010654028235371866,-1.5709814513254257,-3.9374203740088287,-6.281983029800427,-6.283185467765133,-241.1288125771666
623.0,-1.8851341873762157,0.01064208826702357,-1.5709956861216008,-3.9323103397906984,-6.28267264402988,-6.283185470245552,-241.52735714276452
624.0,-1.8717314189171743,0.010651268190343365,-1.5709847324773552,-3.9282869989281504,-6.282954973358401,-6.283185443609357,-241.92087697012224
625.0,-1.8653052569791246,0.010549353377507014,-1.5710779724817583,-3.92517363292286,-6.283074916027233,-6.283185447679011,-242.3118114427196
626.0,-1.861969991381325,0.010550621324544237,-1.5710831563188552,-3.91826941360015,-6.283120992640029,-6.283185490859686,-242.7014171338196
627.0,-1.8655353862558017,0.010455767191232061,-1.5711450133296199,-3.9231774190065916,-6.283142758084057,-6.283185372102092,-243.09222601697297
628.0,-1.863066026379242,0.010590375607679902,-1.5710349762119027,-3.9255708698303144,-6.283144193816218,-6.283185479977237,-243.48230006754787
629.0,-1.8591422299180798,0.010615043280150158,-1.5710267755459277,-3.9232489008920433,-6.283148018672307,-6.28318553252775,-243.8709183733645
630.0,-1.8552857400565002,0.010612096796931288,-1.5710310857099503,-3.918883406334185,-6.283150229075159,-6.283185508365391,-244.2580856848445
631.0,-1.852222470353706,0.010574820988989007,-1.5710492402031386,-3.921532336823731,-6.283152100537612,-6.283185403227683,-244.64412758204548
632.0,-1.8531842191050651,0.01052515022260663,-1.571088639431767,-3.9293727103392393,-6.2831535625033235,-6.283185439459935,-245.03048564527867
633.0,-1.8543718791794241,0.010539607143244908,-1.5710709723822407,-3.943082439657079,-6.283151900346183,-6.283185523837953,-245.41738219746847
634.0,-1.8590602049689728,0.010540797150162512,-1.5710849108714424,-3.9544795759365856,-6.283152585763222,-6.283185553944935,-245.80602399806216
635.0,-1.8586413416728895,0.010667337677031347,-1.570994815312766,-3.953629905926296,-6.283148278933471,-6.283185666624706,-246.19463717772024
636.0,-1.8610265523259486,0.010625239173819728,-1.5710361027955535,-3.947279610993958,-6.28315196290996,-6.2831855832112185,-246.58400585320987
637.0,-1.8687786904555583,0.010560644572157416,-1.5710798391806131,-3.9422237869774213,-6.283154190558633,-6.283185489838777,-246.97611172560178
638.0,-1.8762794033677195,0.010543273790695466,-1.5710627088538933,-3.951319125430072,-6.283152873977669,-6.283185418861126,-247.37113046187014
639.0,-1.8851608569346898,0.0105774421171456,-1.5710510621690332,-3.954621274389289,-6.283151764127114,-6.283185530656062,-247.76951395972225
640.0,-1.89572309902389,0.010560748637206886,-1.5710539909649315,-3.964674854195819,-6.283152262801572,-6.28318549455617,-248.172008142956
641.0,-1.9063284477768578,0.010603622574233793,-1.5710266285034857,-3.9714387549610883,-6.283150961309665,-6.2831855442021345,-248.57868872668146
642.0,-1.912417193760205,0.01064795253445346,-1.570978845903748,-3.9833545116584266,-6.283149367532866,-6.283185539312407,-248.98800709360933
643.0,-1.9121134924918328,0.010511716692950984,-1.5709144345984514,-3.985163319905914,-6.283147446631062,-6.2831856236950525,-249.39736545937333
644.0,-1.911819030469152,0.010504701619726393,-1.5709657644255222,-3.9851581127082025,-6.2831515437877865,-6.2831855568668775,-249.8065852770668
645.0,-1.9104080986978818,0.010550125305094962,-1.5709729918686326,-3.987175856752905,-6.283152285449294,-6.283185488780488,-250.21531324676832
646.0,-1.9133225178426236,0.010525398741298281,-1.5710312715682497,-3.9894424000917046,-6.283154956994878,-6.283185495177262,-250.62510494692256
647.0,-1.915358121587323,0.010568584055741221,-1.571011435676099,-3.9938866487433935,-6.2831532817102955,-6.283185472881327,-251.03579841654619
648.0,-1.91902962138681,0.01056366578496595,-1.5704077033491786,-3.9945864761191983,-6.283153867018791,-6.283185543473814,-251.44792896585798
649.0,-1.9172328187636365,0.0106896422937999,-1.5705257545706055,-3.988681718483211,-6.2831502610426595,-6.282909132579112,-251.85940681962816
650.0,-1.9159340927547939,0.01063937100038169,-1.570707533164697,-3.9850469893777674,-6.283153457458824,-6.283076772043618,-252.2702759419191
651.0,-1.9179226333743138,0.010600472438772391,-1.5708404225058625,-3.9790627664331923,-6.283154800123196,-6.283140708651454,-252.68175758745403
652.0,-1.9190595431557118,0.010585139167370262,-1.5689475051672053,-3.9655889116840215,-6.283153693659076,-6.283167056644824,-253.0935991730324
653.0,-1.9221780720301223,0.010636293567700392,-1.5696000516372368,-3.9534698136195896,-6.283153828853146,-6.283177821647722,-253.50641499280027
654.0,-1.9218562508078516,0.010649181740397801,-1.5700433804991965,-3.94289123888242,-6.283151886421013,-6.283182279340579,-253.91901932261274
655.0,-1.9193611360741825,0.01063643375210085,-1.5703613355807942,-3.93390098753393,-6.283151943778525,-6.283184121665989,-254.3305500364632
656.0,-1.9197251199637924,0.010549758038755063,-1.5706289722682139,-3.935882074383657,-6.281021937409114,-6.283184788915308,-254.74218283026602
657.0,-1.918541660989986,0.010590582672318011,-1.5707424939350296,-3.937100832571623,-6.282310719915588,-6.283185222626061,-255.1534014381017
658.0,-1.9161909431483664,0.010577783185132186,-1.5708390742568468,-3.946700617617237,-6.28280628592196,-6.2831853560705335,-255.56384151900204
659.0,-1.92015276370588,0.010516790963792958,-1.5709651953790975,-3.9582427211759654,-6.28301260159287,-6.283185476923849,-255.97582306309806
660.0,-1.9243615675789123,0.010595628888818811,-1.5709626744584522,-3.9585085109233282,-6.283093036592361,-6.283185622754935,-256.38947993205295
661.0,-1.9276203501513156,0.010613566782106534,-1.5709724275877528,-3.958056267545161,-6.2831274256782255,-6.28318553209798,-256.804425804643
662.0,-1.924543718711937,0.01067415110369473,-1.570930150805348,-3.959355236541291,-6.2831395429279215,-6.283185478322877,-257.218334308409
663.0,-1.920455082414197,0.010649802165865458,-1.5709631797600834,-3.962123687504532,-6.283147490032408,-6.283185471907433,-257.6306823061623
664.0,-1.9170294699270418,0.010607487630108228,-1.5709983320362717,-3.9718583532756515,-6.283151325975397,-6.283185473296173,-258.04180901911167
665.0,-1.913034150902068,0.010642593099069246,-1.5709914415791502,-3.974287747137611,-6.283151254672124,-6.283185574440786,-258.4514338307243
666.0,-1.9098754960192945,0.010614558145806387,-1.571014304829932,-3.9797515198409124,-6.283153166616269,-6.283185487541739,-258.8598781288279
667.0,-1.9048027029775114,0.010654448893353,-1.5709904790891975,-3.9798621773417744,-6.283151848516987,-6.283185561236196,-259.26640454146974
668.0,-1.9006950514329597,0.010616312568303225,-1.571017723279346,-3.9836890391525834,-6.283153904185692,-6.283185469415986,-259.6713536958691
669.0,-1.8987915660549104,0.010601056546951496,-1.571036412396769,-3.985393243584185,-6.283154373238315,-6.283185518699275,-260.075541571527
670.0,-1.8967946465666115,0.010595311169996732,-1.5710320025873725,-3.9922611669484174,-6.283154083420183,-6.28318545537202,-260.47905141562484
671.0,-1.895679335741228,0.010617292996866525,-1.5710280636922673,-3.991908184084673,-6.283153497304343,-6.283185573502875,-260.88210890744637
672.0,-1.8930992875179111,0.010654288441319873,-1.5710025351924757,-3.984864379033002,-6.283152582410079,-6.282011303027726,-261.2841237537518
673.0,-1.890311879919785,0.010643122630646392,-1.5710089034913655,-3.97561148605304,-6.283153490906052,-6.2827237518433146,-261.6849532029872
674.0,-1.8888682703150304,0.010574463888737637,-1.5710418275770102,-3.979078369413175,-6.283155360672828,-6.2829951016498855,-262.08522816796204
675.0,-1.8890740867486486,0.010595071932548055,-1.571041370168595,-3.97498628250464,-6.283153996316086,-6.283107386717464,-262.48550655469495
676.0,-1.8936346218204454,0.010534073390844598,-1.571081595160449,-3.978243273288681,-6.283155966075631,-6.283153301340963,-262.887473280304
677.0,-1.893779107182019,0.008085081862824368,-1.570929679974972,-3.9787446045634414,-6.2831494239294665,-6.283172269757817,-263.28949561828813
678.0,-1.8946399112207224,0.008453339103145796,-1.5710953754971466,-3.9877577758806173,-6.283155934616332,-6.280065534358922,-263.6919219484055
679.0,-1.8920530121823815,0.009274746631299551,-1.5710151912830217,-3.988807631544053,-6.283151497240519,-6.281958663481546,-264.0935041177269
680.0,-1.887359395538658,0.009264826350593803,-1.5709826773655953,-3.9924214721894966,-6.283151857554612,-6.282679956895148,-264.493361147949
681.0,-1.8833115256085844,0.009662430106090148,-1.571013204186765,-3.9878828656893184,-6.283153321024109,-6.282977946285245,-264.8916159847283
682.0,-1.881427445570829,0.009983154596781707,-1.5710291920905672,-3.979192977031006,-6.283154432435646,-6.283100207383758,-265.2890272213705
683.0,-1.8826938152509287,0.010154033120956285,-1.5710584958127372,-3.975010600452647,-6.283155655707896,-6.283150379870046,-265.6868175258446
684.0,-1.8785076063224952,0.010348890261159677,-1.5709958686963599,-3.9797857143365913,-6.283152279519791,-6.283170965493565,-266.0832046008989
685.0,-1.878473837221852,0.010415365876724918,-1.571044012966273,-3.97615283742474,-6.283154380528227,-6.283179631739605,-266.47943333967356
686.0,-1.880319667252678,0.010471728447352991,-1.5710466081285899,-3.9715553461651005,-6.282020152961172,-6.283183066061377,-266.87630482658375
687.0,-1.8819403804508539,0.010533139761287584,-1.5710310551070192,-3.963647062329292,-6.28270585109937,-6.2831844869157,-267.2737155320365
688.0,-1.882559215102543,0.010560439815133658,-1.5710225582590813,-3.9575166286623835,-6.282969009344157,-6.283185028787778,-267.6713152104783
689.0,-1.877425527247925,0.010622186394918178,-1.5709734887668423,-3.9556784866398913,-6.283075355822821,-6.283185228496175,-268.0670778926114
690.0,-1.8769704429121363,0.010519413842259556,-1.571059401187453,-3.9660121507261934,-6.283124187413973,-6.2831853522352725,-268.46263656660386
691.0,-1.8805756322385343,0.01054542562045099,-1.5710679833734027,-3.9681407084549027,-6.283141299319661,-6.283185529524221,-268.8595177147965
692.0,-1.8860279593411087,0.010553513960675453,-1.5710636987206026,-3.9713751720842496,-6.283148394226393,-6.283185487756635,-269.25848038194346
693.0,-1.8935367284663809,0.010553118143703707,-1.5710640152117774,-3.976798989860028,-6.283151449296554,-6.283185477043736,-269.6603414552558
694.0,-1.8995202110086686,0.01057113000450921,-1.5693469970979117,-3.9761667510876832,-6.28315079407721,-6.283185582001999,-270.06460307680203
695.0,-1.9041343402204074,0.010609103997711583,-1.5680296837898822,-3.978619247624833,-6.283151308468741,-6.283185470622661,-270.4707634545389
696.0,-1.9080107589896542,0.010693882292166789,-1.5689560658613002,-3.9793518586299816,-6.283150867465962,-6.283185480289645,-270.8784326630523
697.0,-1.9093395080690962,0.010688266547963461,-1.56961869088952,-3.979394284506868,-6.283150987696833,-6.2831854937714215,-271.286649216442
698.0,-1.909183960041667,0.010691854410728507,-1.5700679583348744,-3.9720198356230845,-6.283151369561089,-6.283185528992018,-271.6947147413478
699.0,-1.9037381032370488,0.010690525112513834,-1.570344812702341,-3.9719119664645484,-6.283151105520098,-6.28126339513838,-272.1007657560305
700.0,-1.9045571461756512,0.01060654701958164,-1.5706344103938261,-3.9645571693867687,-6.283155137214186,-6.282429739208266,-272.50686500493566
701.0,-1.9089610574385787,0.010554169271844825,-1.5707960440581523,-3.963676542535981,-6.2831554796252425,-6.2828740123702795,-272.91458719693105
702.0,-1.9082580287132582,0.010645922644606698,-1.570812626119386,-3.9576198139242735,-6.283150810378947,-6.283057600864278,-273.3220898781247
703.0,-1.9093492138923742,0.010600039537846396,-1.5709116382294779,-3.9521864718231337,-6.283153321149544,-6.283132914899342,-273.72987624768587
704.0,-1.9139910141490475,0.010578462467668371,-1.5709768747391009,-3.9421153945961334,-6.28091708506113,-6.283163873076052,-274.13928087070553
705.0,-1.9174768420664803,0.010580909589405836,-1.5709844970818645,-3.9386745613248206,-6.282270446515343,-6.2831765094443925,-274.55000604609967
706.0,-1.9183219788290986,0.0106379163772671,-1.5709686960055167,-3.9272066980759353,-6.282788184506585,-6.283181787247225,-274.960961066999
707.0,-1.9222249472498059,0.010546760715532793,-1.5701157488881436,-3.918784159401391,-6.283004553809541,-6.28318392938218,-275.3732594043022
708.0,-1.925135792090015,0.010623479521078153,-1.5703739875771212,-3.9069909214806327,-6.283089984260848,-6.283184774855674,-275.78655918204663
709.0,-1.921291408734846,0.010667105933705009,-1.5705363873810068,-3.897894306409816,-6.2831237619534965,-6.283185140000771,-276.1983986994765
710.0,-1.9167045509185074,0.010627706485585146,-1.5707120479647048,-3.8903659933743375,-6.283140444422204,-6.283185297360259,-276.6083683687613
711.0,-1.9123878412751885,0.010589475323175258,-1.570833081671907,-3.8881948560627646,-6.283147360456065,-6.2831853278126655,-277.01664794043563
712.0,-1.9064569774974562,0.010577179381672847,-1.5708969716465173,-3.895128999968906,-6.283149296504002,-6.2831853603423955,-277.4227765746019
713.0,-1.9015050262194695,0.01058004407538277,-1.5709556090702552,-3.899267806062452,-6.283150278399426,-6.2831854837164975,-277.8270416833543
714.0,-1.8974793341269653,0.010599682555608387,-1.5709860254507275,-3.8955878414380716,-6.283150228761437,-6.283185573328809,-278.22973070541275
715.0,-1.8890376434489498,0.010603724774627777,-1.57097294196575,-3.905278342317248,-6.283149684768389,-6.283185450260895,-278.6294286464503
716.0,-1.8814061105467381,0.010575133272101508,-1.5710142064860402,-3.920030248631154,-6.283151117047795,-6.283185529916836,-279.0263621729773
717.0,-1.881931884577126,0.010510779227077905,-1.571097003443534,-3.93262875629395,-6.283154052897948,-6.28318557300965,-279.42343444297927
718.0,-1.8802739125198686,0.010612910120104235,-1.5710309774533886,-3.9352510616319565,-6.283149810962492,-6.2831856512148905,-279.8199931392362
719.0,-1.8783034686316427,0.010601617073530483,-1.5710358779265967,-3.9406877714258,-6.283151305019052,-6.283185517642517,-280.21585596658787
720.0,-1.8745912986838655,0.010635730337977512,-1.5710126840034178,-3.9420206756747413,-6.283150465492572,-6.283185560609653,-280.61037838926296
721.0,-1.8727923141666944,0.010588413388783911,-1.5710453367471746,-3.947928120374947,-6.283152827201984,-6.283185467485239,-281.00422699369636
722.0,-1.8715011973435074,0.010593076541419394,-1.5710416612721037,-3.954201842567925,-6.283152343016965,-6.28318550000657,-281.39764496295425
723.0,-1.870619877367013,0.010591367474837557,-1.5710416315603093,-3.9623764792622205,-6.283152460197652,-6.283185495231737,-281.7907984818603
724.0,-1.8720771635681193,0.01058936406625349,-1.5710527871560747,-3.9664278074883703,-6.283152878931042,-6.283185561740879,-282.18449049018653
725.0,-1.8722189152038402,0.010626420038476136,-1.571022404414904,-3.9671097250377274,-6.283151561869424,-6.283185556757972,-282.57828313366457
726.0,-1.8692345072032244,0.01064412643994015,-1.5709973710829948,-3.9708752613842297,-6.2831513118939535,-6.283185476692119,-282.9710500978979
727.0,-1.8695710145590256,0.010589147095871927,-1.5710443711968094,-3.9765210890622384,-6.283154065509266,-6.283185480614379,-283.3639104460486
728.0,-1.8697110081859012,0.010612725868629278,-1.5710262267921937,-3.9803892926882645,-6.283152726266785,-6.2831855220695365,-283.756880506677
729.0,-1.8699759785197552,0.010631101779619853,-1.5710196155850429,-3.9780605743292674,-6.283152484380631,-6.280119905042371,-284.149926143449
730.0,-1.8658032189770872,0.010651845628009698,-1.5709832505007157,-3.9828489577438178,-6.2831516527519184,-6.281979953142614,-284.5415404244098
731.0,-1.8681012647469613,0.01058399686630584,-1.5710585210058812,-3.981194594266707,-6.283155278577715,-6.282688871759363,-284.93384550978055
732.0,-1.8726964063210216,0.010573250659218497,-1.5710582024995614,-3.9819130301817647,-6.283154666182747,-6.282981469212619,-285.32786732559174
733.0,-1.8773257880942547,0.010627294756964695,-1.5710289716360195,-3.971093584100251,-6.283152820994486,-6.283101689959066,-285.7235460755659
734.0,-1.8817121004767576,0.010581580614336034,-1.57103704080964,-3.9732030549676467,-6.2831538691769735,-6.283150921753667,-286.12091072515244
735.0,-1.8829093887326371,0.010630841094892702,-1.5709980100862275,-3.974329985058685,-6.2831514853914285,-6.283171315139614,-286.5188193404364
736.0,-1.8844994594838242,0.009988941963052889,-1.5709988119210738,-3.9797766666788377,-6.283152547104748,-6.2831796111583005,-286.91734307083965
737.0,-1.8824084238117205,0.010160246612000634,-1.5709864613115008,-3.976833673563746,-6.283151031410122,-6.283183193445828,-287.31513148662407
738.0,-1.8809970885593104,0.01028817337565421,-1.571014847040407,-3.9793097063595364,-6.2831535171127815,-6.283184462851916,-287.71238417732127
739.0,-1.8827055388032998,0.010393368608211878,-1.5710364250270734,-3.9741634385895135,-6.283153912216603,-6.283185147901719,-288.1101746416476
740.0,-1.88234224289381,0.010465110127077983,-1.571016297558748,-3.978825365650911,-6.283153137802383,-6.283185230858525,-288.5079339421121
741.0,-1.8814960315026528,0.010508373300337532,-1.5710193685807836,-3.9877357946275995,-6.283153174308988,-6.283185386880797,-288.90547206148034
742.0,-1.8840008467859068,0.010544980499222083,-1.5710389715049635,-3.986418064761095,-6.2831536624869395,-6.283185575908703,-289.30388425850754
743.0,-1.8860355065360361,0.010519615236283293,-1.5692432040480946,-3.988906002118783,-6.283153788643705,-6.283185481641409,-289.7031737697768
744.0,-1.8850254235928297,0.010677625795084153,-1.569738852382999,-3.984691767781181,-6.283150796724351,-6.283185531451329,-290.1020940632171
745.0,-1.8856911798612574,0.010623244453156037,-1.5701892753718905,-3.981841472748815,-6.28315374989211,-6.283185469087778,-290.5011707533207
746.0,-1.8887217370299119,0.010582069658991866,-1.5704897305547567,-3.982722697756817,-6.283154745982722,-6.283185434955222,-290.90136170901593
747.0,-1.8953092017997997,0.01058080953954821,-1.5706871201732329,-3.9761262311978447,-6.2831544898279486,-6.2831855246641615,-291.30393111649676
748.0,-1.8983758315955843,0.010639608186417219,-1.5707553799100709,-3.9668707768302993,-6.283151644637792,-6.283185475798802,-291.70766062196304
749.0,-1.9015277159183608,0.01059436512126853,-1.5708596513174002,-3.9656962361629677,-6.283153468493454,-6.283185372657295,-292.11256427939236
750.0,-1.8998270263613026,0.010684324532408912,-1.5708551565206652,-3.9540963206071784,-6.283150282219318,-6.283185442918071,-292.5167918993343
751.0,-1.8997443363265707,0.010594182494303063,-1.5709492257202389,-3.952937212429518,-6.283153923395214,-6.283185347996987,-292.92090569990194
752.0,-1.8989935889742895,0.010620147994717055,-1.5709619151085286,-3.9470154530818253,-6.282318084929694,-6.283185485981158,-293.32469654892094
753.0,-1.9003630750512486,0.01057848998121637,-1.5710108159697205,-3.9441527541673715,-6.2828246973779,-6.283185424536212,-293.7289156691067
754.0,-1.9026142583186918,0.010563487240466327,-1.5710274136727636,-3.946688823892774,-6.283018139066173,-6.28318539907113,-294.1340107901054
755.0,-1.9048054287507548,0.010574940714211431,-1.571026891391559,-3.9513030100240143,-6.283096906595027,-6.2831854434175565,-294.54000818655476
756.0,-1.902001080630388,0.01066794149776116,-1.5709687596745758,-3.947177317558302,-6.2831264240805895,-6.283185563928121,-294.94499967466464
757.0,-1.8990366927937734,0.010640329809293986,-1.5709961325369293,-3.941864345950845,-6.278289720867904,-6.283185511266305,-295.3488309936814
758.0,-1.895673968485085,0.010611851699406798,-1.5710103939617845,-3.943358728059757,-6.281234899032043,-6.283185392342168,-295.7513663479679
759.0,-1.894141215364265,0.010595638973841089,-1.5710345021678491,-3.941985867484536,-6.2823648252107525,-6.283185494227034,-296.1532438656618
760.0,-1.8934821013460168,0.010587467864743688,-1.5710409577729463,-3.941419751692832,-6.282829269327431,-6.28318546999564,-296.554843872871
761.0,-1.893277732338374,0.010596596214848543,-1.5710390928928855,-3.9378247981480676,-6.282758632071101,-6.283185507818214,-296.9563202658252
762.0,-1.8931667905239005,0.010583812362586974,-1.5710418167638567,-3.9384205607668012,-6.282995125615586,-6.283185432140786,-297.3577549132081
763.0,-1.8926087944458996,0.010609510425132439,-1.571029653333523,-3.9339730318148045,-6.283086812274017,-6.283185520919681,-297.75894156057257
764.0,-1.8926107645820567,0.0106006195828205,-1.5710372727122666,-3.928358250084203,-6.28312546356455,-6.28318548716625,-298.16005338857053
765.0,-1.8929829069778445,0.010577170052809537,-1.571045491927586,-3.928420320364332,-6.283141606458238,-6.283185405041353,-298.5612968219741
766.0,-1.8947237185086079,0.010540124563506172,-1.5710639892690244,-3.938314522504023,-6.283148429014683,-6.283185434541516,-298.96327426705005
767.0,-1.8987196483217,0.0105349554796285,-1.5710731293874074,-3.951714591842115,-6.283150769998744,-6.283185518822395,-299.366886272582
768.0,-1.9047736860904045,0.010554801340453616,-1.5710673772745491,-3.9639102488884386,-6.283151361661045,-6.283185560891625,-299.7729432412545
769.0,-1.9057321980546433,0.010633834744411272,-1.5709977433834765,-3.9779470929531224,-6.283148854190541,-6.283185592525707,-300.17968553272493
770.0,-1.9106587307222274,0.010596851618058721,-1.5710433144009954,-3.988859962676006,-6.2831526325365274,-6.282735383405397,-300.5883858387238
771.0,-1.9196965323301325,0.010593348587587011,-1.5710536778450612,-3.9942133881872133,-6.283153278879097,-6.283008592336017,-301.00063232955324
772.0,-1.9288052829719788,0.010605399277456679,-1.5710310440280086,-4.003028695477757,-6.283152635732145,-6.283112595067101,-301.4166266772148
773.0,-1.9351050129932252,0.009731402709035174,-1.5709578647640208,-4.0076436320705,-6.2831501615122205,-6.283155600398852,-301.8352123660634
774.0,-1.940365452190301,0.009921375114368877,-1.5709925775313154,-3.9992625179753647,-6.28315203915418,-6.283173286082493,-302.25577859124684
775.0,-1.941674757541466,0.010208708580130255,-1.5709579265628302,-3.9888851418581943,-6.283151265458826,-6.283180440409438,-302.6768022532599
776.0,-1.9402287710708515,0.0103645983680993,-1.5709589579052055,-3.980314188583845,-6.283152125064628,-6.283183363638246,-303.0971653058403
777.0,-1.9365584055310996,0.010477461165515326,-1.5709591661701268,-3.9687986706186993,-6.283152383093695,-6.283184556225899,-303.5159376760747
778.0,-1.929048440255483,0.010558342952283858,-1.5709475221799627,-3.956886416077552,-6.283151956715559,-6.283185038194734,-303.9316539336048
779.0,-1.9181950310813025,0.010576292501263152,-1.5709558240428563,-3.9534729093078127,-6.280914144509992,-6.283185186989442,-304.3431692663592
780.0,-1.9096620462101697,0.010545685273873638,-1.5710116632203595,-3.9542063646970096,-6.282271900028156,-6.283185313413616,-304.7512951151714
781.0,-1.902085709362175,0.010561751919565678,-1.571022884281787,-3.9544027812568463,-6.282791166466157,-6.283185427819464,-305.1564799346264
782.0,-1.8948210325178736,0.010547300141823982,-1.5710364956910006,-3.9637003530917103,-6.283005148048934,-6.283185428867628,-305.5589717561609
783.0,-1.8897333017247406,0.010534867079762093,-1.5710582883009678,-3.9779204567314888,-6.2830931896393505,-6.283185522402973,-305.9596271162513
784.0,-1.888763895307026,0.010552635466161631,-1.5710729267999781,-3.984089312326058,-6.283129314340711,-6.283185602648011,-306.35990205360946
785.0,-1.8892186555300037,0.010571710083458759,-1.5710607472720224,-3.9890240341973926,-6.28314356321289,-6.283185555541952,-306.76039340499784
786.0,-1.8953241146377777,0.010550216639260637,-1.5710905712648722,-3.9878883851644074,-6.283151052647595,-6.283185594172827,-307.16309997916085
787.0,-1.9043313478982897,0.010540139732251095,-1.5710847931795788,-3.9917349453506796,-6.283153322315994,-6.283185466843524,-307.569298915701
788.0,-1.911296068776204,0.008834839341130923,-1.5709657310591145,-3.9842543468990974,-6.283149499519249,-6.283185520115385,-307.9780719550665
789.0,-1.9150997117934552,0.00541020044168052,-1.570926990597298,-3.9829763209468756,-6.283150219318355,-6.283185400252046,-308.38815689729614
790.0,-1.918437103804378,0.006268015874863195,-1.571116740422606,-3.9905820675461094,-6.283156544605396,-6.283185484281665,-308.79967519899077
791.0,-1.9163383826997944,0.007787085174531977,-1.5710279945424965,-4.003757296437227,-6.283151712069374,-6.28318552081357,-309.21079710126014
792.0,-1.9148525743074625,0.008799609096739084,-1.5710132109686161,-4.008165371655329,-6.283152299076047,-6.283185598335995,-309.6214454050038
793.0,-1.9196470256014695,0.009368061655207024,-1.5710646856421362,-4.0154956059171605,-6.283155983854687,-6.283185501462894,-310.0339915487755
794.0,-1.9237517617655142,0.009850968990052297,-1.571013735983976,-4.01527093037311,-6.28101625489229,-6.283185597112644,-310.4482726506073
795.0,-1.925722090298254,0.010159765790704801,-1.5709834835492065,-4.010212068118719,-6.282309560627092,-6.283185558300827,-310.8633047139129
796.0,-1.9239509265986798,0.01031426736296618,-1.5709725499851726,-4.019327751566898,-6.282806502550505,-6.283185435643126,-311.2778587149572
797.0,-1.9234174919483495,0.010436778606240487,-1.5709891560194902,-4.019447839436664,-6.283011546009079,-6.283185568656893,-311.69217325867015
798.0,-1.9175332651075412,0.010551507983841992,-1.5709437942396647,-4.023859419185147,-6.283093780653976,-6.283185456878201,-312.1043635432366
799.0,-1.9085919699034377,0.010606778623686747,-1.5709412865258008,-4.028416950005126,-6.283129003977593,-6.283185489079776,-312.51314589855843
800.0,-1.9030599444176068,0.010619280756006226,-1.5709851880140109,-4.019127466484509,-6.2831456636661835,-6.283185543227408,-312.9195358922368
801.0,-1.9044391550592403,0.010536311971857034,-1.5710623572810671,-4.012881365508272,-6.283154692862427,-6.283185469295222,-313.32621877156356
802.0,-1.9046128557305544,0.01057836319885528,-1.571027268057937,-4.00873543237598,-6.28315382321483,-6.283185436231031,-313.7329633800616
803.0,-1.9090489434566975,0.010540747041595652,-1.5710671991858187,-4.005628502182001,-6.283156322938769,-6.283185443697174,-314.14128937439693
804.0,-1.9079834137178255,0.01063785712817924,-1.5709863414951108,-4.000957257079044,-6.283151966158739,-6.283185468959718,-314.54928416805694
805.0,-1.903347737488451,0.010657560244700387,-1.5709714855164219,-3.996998589917218,-6.283152410106715,-6.283185447883903,-314.9554747123435
806.0,-1.9023271990294686,0.010589795675540815,-1.571030638694334,-3.996053687188746,-6.2831557635029185,-6.283185426428234,-315.36115440773796
807.0,-1.9013431791456739,0.010613638109610178,-1.5710175604403822,-3.991484765567239,-6.2822692175023525,-6.283185498562171,-315.76641818814204
808.0,-1.9025960727709714,0.010545908630655782,-1.5710551561964088,-4.000783090801901,-6.282806924663281,-6.283185419570056,-316.17222262519095
809.0,-1.9094388762599395,0.01055499488675643,-1.5710757782260687,-3.999046036567595,-6.283012224225142,-6.283185587887123,-316.5805578654857
810.0,-1.9131000657483772,0.010620557667997882,-1.5710136202902298,-3.9974975294756567,-6.283093600559537,-6.2831854998842225,-316.9904018156811
811.0,-1.9158347940465144,0.010657202058733021,-1.5709986894108015,-3.9857728846494758,-6.283128350973702,-6.283185482534949,-317.40116108154314
812.0,-1.9160988780070638,0.010671595483448757,-1.5709812363416076,-3.971251885023462,-6.283142421892997,-6.283185409690843,-317.8118707932787
813.0,-1.9184127767057493,0.010604029963815596,-1.5710262020877768,-3.960778516214486,-6.283150503363679,-6.283185392719415,-318.2232685766647
814.0,-1.9146087119338018,0.010677115032323494,-1.5709619448617178,-3.9479782050160224,-6.283149312182816,-6.283185366845866,-318.633166753033
815.0,-1.9077248215692246,0.01065113828205844,-1.5709726856881485,-3.941217001945977,-6.283151390385501,-6.283185349077093,-319.0403575568763
816.0,-1.9036323105153559,0.010575152781747857,-1.5710328207176143,-3.9416716564981726,-6.283154300266053,-6.2831853394836,-319.4458990230858
817.0,-1.9021869426944173,0.010547182048307149,-1.5710589197380869,-3.9462372356958664,-6.283154316246225,-6.283185394650214,-319.8508874445777
818.0,-1.8959119260601252,0.010614364446625406,-1.5710006946782238,-3.954432192393292,-6.283150927546972,-6.283185441292582,-320.25368763816135
819.0,-1.8867500575196992,0.010656569521852463,-1.5709817975870926,-3.957761210764573,-6.28315057143964,-6.28318554047095,-320.6530775041565
820.0,-1.8810198436296712,0.010598231332218802,-1.5710357590948876,-3.9622559681121823,-6.283153863740592,-6.2831855005157875,-321.05024721048034
821.0,-1.8788868898765194,0.010572032779654237,-1.5710621832282006,-3.9658666018548367,-6.283154490986647,-6.2831855182612,-321.4465759215873
822.0,-1.880183125756203,0.01059476040557839,-1.5710653493883866,-3.9562176151509005,-6.28315395609492,-6.283185544230871,-321.84323714460874
823.0,-1.8813963652634325,0.010568751085347272,-1.5710587782797198,-3.9566157051002704,-6.28315386715742,-6.283185393551567,-322.24036806067824
824.0,-1.878627056640357,0.010611533750024407,-1.571013513976603,-3.961476768023052,-6.283151592331086,-6.283185412590388,-322.6365883027667
825.0,-1.8775626034067625,0.01059483786570257,-1.5710378122406246,-3.964342190207303,-6.283152982451357,-6.283185498137741,-323.0323829116958
826.0,-1.8758185747468366,0.010593104141393658,-1.5710293866576868,-3.9733323058696963,-6.283152671575929,-6.283185472297957,-323.4276286875237
827.0,-1.8737966154519514,0.010611191097052884,-1.571022539517614,-3.9807178580006495,-6.283152446908532,-6.283185518254207,-323.8221879259356
828.0,-1.8717844283352625,0.010632059312405313,-1.57101560163497,-3.9825246442775626,-6.2831523237184905,-6.283185577690941,-324.21600538175903
829.0,-1.8646924714142787,0.010709845616362514,-1.5709574247889895,-3.9753824210482223,-6.283150252932818,-6.283185563070653,-324.60719771648166
830.0,-1.8567725755533817,0.010669461613201453,-1.5709823292692855,-3.9699905299114446,-6.283152859695434,-6.283185476648238,-324.9953747737693
831.0,-1.849622766539699,0.010593852064500283,-1.5710204854434837,-3.9789348246780056,-6.283154787221073,-6.283185410450685,-325.3809355142329
832.0,-1.845102356547741,0.010587635882285153,-1.5710414445070529,-3.984738386865725,-6.283154813178497,-6.283185499156715,-325.7648084181897
833.0,-1.8418456325836774,0.01060269551641224,-1.5710383182084404,-3.9861042088266605,-6.283154057380574,-6.283185550970654,-326.1474684400183
834.0,-1.845348040679647,0.010520610013923086,-1.5711014765479578,-3.993024993423097,-6.28315712867731,-6.283185468332689,-326.53132526331757
835.0,-1.8503702477600457,0.010564963106563609,-1.571069550384346,-3.9958002873016105,-6.283154340063231,-6.28318554754739,-326.9170655902303
836.0,-1.8596260746619346,0.010560799931544858,-1.57107969399722,-3.9934755117445175,-6.2831548662760355,-6.283185568320526,-327.3061643180222
837.0,-1.8663738648277135,0.010620516817460679,-1.5710211366463962,-3.9900755358278563,-6.2831521199740825,-6.283185511880159,-327.6978493966199
838.0,-1.8742554747022748,0.01058351017506447,-1.5710375956615774,-3.9944403745939447,-6.283153969526534,-6.283185402829034,-328.09252757870786
839.0,-1.8847494657482617,0.010583185049688713,-1.5710421618311183,-3.9973138683615885,-6.2831538599772845,-6.283185494019771,-328.4911995761562
840.0,-1.886650121720647,0.01069358690284916,-1.5709415996185119,-4.001300403948547,-6.28314916148356,-6.283185478039354,-328.8908623496705
841.0,-1.8850830863605121,0.010712896340860855,-1.5709376591925879,-3.9994887912003625,-6.2831504106802845,-6.283185553575164,-329.28995177038985
842.0,-1.8823038297285546,0.010680861119782569,-1.5709586166090526,-4.000465317403791,-6.281771508531194,-6.2831854698006655,-329.6880159953233
843.0,-1.8849023615894163,0.010587557942800526,-1.5708135699299892,-4.004168680124126,-6.282611541438648,-6.283185459755995,-330.08698739139544
844.0,-1.89258333228012,0.010601243843991288,-1.570897286342289,-3.99609609700707,-6.282931706589714,-6.283185538152013,-330.4887276652794
845.0,-1.9032279172268483,0.010582359224981444,-1.570953131403747,-3.988065485278549,-6.283063270173244,-6.283185492685588,-330.8944298414799
846.0,-1.9075431805774934,0.010659818319112682,-1.5709077143655539,-3.9817699093005667,-6.283113285803403,-6.2831854366864155,-331.3018823886812
847.0,-1.91170834979598,0.010654940526561274,-1.5709457083879532,-3.9692139262690422,-6.283137056767596,-6.283185419117268,-331.710764067642
848.0,-1.9187739698875574,0.010542086700057835,-1.5693601919778752,-3.9622911449166507,-6.2831485563233525,-6.283185402812903,-332.12229058168913
849.0,-1.9183720191802716,0.01072472732538036,-1.5697783018019587,-3.9517515824032894,-6.283146570037764,-6.283185387441865,-332.53369440858563
850.0,-1.9115636058898882,0.01070969701778089,-1.5701530976553717,-3.948902233415454,-6.2831489637390145,-6.283185341468139,-332.9425104182636
851.0,-1.906823378813901,0.010653617249392592,-1.5704710401754904,-3.9408347774747177,-6.283152358300926,-6.283185452718156,-333.3493126690031
852.0,-1.9006190883226166,0.010599795786127249,-1.5706576541375523,-3.9486974487058792,-6.283152906564513,-6.283185375036086,-333.75384981127814
853.0,-1.8957645377034273,0.010573361277046788,-1.570801707584438,-3.960974354235687,-6.283153406790407,-6.2831854726873075,-334.1566258747199
854.0,-1.8922856628537907,0.010605361679543995,-1.5708774259024472,-3.9641999167763755,-6.283152514829987,-6.283185594717739,-334.55808431502214
855.0,-1.8910206538809313,0.010625411558929586,-1.5709343264484326,-3.9544383742235434,-6.2831529262221,-6.283185559540291,-334.9589056995946
856.0,-1.8898075544765205,0.010590727931099284,-1.5709736636877314,-3.952030922158263,-6.278447018661372,-6.283185435571624,-335.3592876655329
857.0,-1.8946296400126803,0.010512659017069707,-1.5710558493606246,-3.956337681932931,-6.281299767205334,-6.283185389300367,-335.76138604787684
858.0,-1.9021411026390964,0.010518166798063075,-1.5710617339444304,-3.9645231721536294,-6.282391396522864,-6.283185450652717,-336.1664158224747
859.0,-1.9097604621562565,0.010570166389863352,-1.5710365146673877,-3.969455208680786,-6.2828388930495365,-6.2831855305351,-336.57446338148293
860.0,-1.917858856387385,0.010579110943654732,-1.571031842339571,-3.977147359206098,-6.282271249304981,-6.283185491022252,-336.98577191755453
861.0,-1.9225931345537832,0.010646266975524659,-1.570984685846081,-3.981395966637341,-6.282800550795234,-6.283185547771467,-337.3990817633155
862.0,-1.919840425945142,0.01074703652962369,-1.57091504193883,-3.9749556480253907,-6.283004218268551,-6.283185576667078,-337.811388878131
863.0,-1.9185462721379816,0.010644958879498827,-1.5709862744350722,-3.9773924238703606,-6.283094290633036,-6.283185413002066,-338.2231498600062
864.0,-1.9168975134651074,0.010659172836703397,-1.570985163746104,-3.9735560093695996,-6.283128096064778,-6.283185539059444,-338.6342309643871
865.0,-1.911779530329761,0.010657904401315388,-1.5709720497522413,-3.976422481315512,-6.283142214766309,-6.283185411658488,-339.0434286812737
866.0,-1.9053312206055846,0.010685079834888428,-1.5709701835251206,-3.9688155732415287,-6.283147877218209,-6.283185520121522,-339.45004314608894
867.0,-1.9008794200167356,0.010613314368360117,-1.5707743788563686,-3.964987361120614,-6.283152837339609,-6.283185444705563,-339.8548383365523
868.0,-1.8982116061344743,0.0106152303618323,-1.5708623839858988,-3.956721086774374,-6.283153450342336,-6.283185473465739,-340.25847099154015
869.0,-1.8949369886337486,0.010612587774664107,-1.5709130312463244,-3.9491839012324603,-6.283153092892838,-6.283185446151792,-340.66077502448235
870.0,-1.8887491816710802,0.010612498137851447,-1.5709336617541259,-3.9496506244925924,-6.28315258075293,-6.283185357659932,-341.06078123993234
871.0,-1.887728524804872,0.01053414398981762,-1.5710267185871396,-3.955249648821053,-6.283155474628162,-6.283185394792762,-341.46032603942444
872.0,-1.8897829512633495,0.010564223694717134,-1.5710387667922852,-3.9512766376533293,-6.2831535886713965,-6.283185562367108,-341.8605652563412
873.0,-1.8896095035773506,0.010616404928009407,-1.5710066264465319,-3.9432470648910463,-6.283151526480357,-6.283185508724301,-342.2607131233708
874.0,-1.8879645116060524,0.010624948149642979,-1.5710044484942487,-3.933516880373249,-6.283151677948996,-6.283185458577523,-342.66015842139467
875.0,-1.8878306898907888,0.010571118220198484,-1.5710399902589534,-3.931038750470028,-6.283153447994739,-6.283185373079085,-343.0594830714606
876.0,-1.8869701166924093,0.010562298884611165,-1.571037537042493,-3.9375644350620065,-6.283152616183669,-6.28318537665523,-343.4585672692622
877.0,-1.883591382646469,0.010616160748423392,-1.5710078364067832,-3.9404783123495037,-6.28315063036264,-6.283185496822068,-343.8564607335883
878.0,-1.8866633333024316,0.010556581061343785,-1.571077010626751,-3.93782153930918,-6.283153849721365,-6.283185554479312,-344.25533520353656
879.0,-1.890167292222878,0.010606655244549281,-1.571046014059324,-3.925704705449955,-6.283151856496154,-6.283185485448315,-344.65543127143405
880.0,-1.8892787426350688,0.010630171987107489,-1.5710063087220916,-3.9180696824232677,-6.283150411111869,-6.283185422024276,-345.0552086566198
881.0,-1.8867058957854017,0.010538449506178493,-1.5682658157763922,-3.9141844104855785,-6.283151816830794,-6.283185426774251,-345.4540637636111
882.0,-1.8847661269605145,0.010561139416205295,-1.5655980865085728,-3.909832103748104,-6.283151682334681,-6.283185445975609,-345.8522011668221
883.0,-1.884816160331268,0.010682703186907151,-1.5673144886421357,-3.9060545821415533,-6.283150975058614,-6.2831853912103135,-346.2502467235109
884.0,-1.890460813748785,0.010576216153115022,-1.5686103437675218,-3.9028290492314737,-6.28315331002639,-6.283185442562003,-346.65022900875874
885.0,-1.890969382168913,0.010632154622204478,-1.5693625157884863,-3.9001991979401365,-6.283149263119039,-6.283185453293962,-347.05048981125225
886.0,-1.8873261713076208,0.010613023599577732,-1.5699013781777718,-3.908777284378392,-6.283149587347725,-6.2831854179619695,-347.4495125019009
887.0,-1.8860652066709442,0.010609185761351652,-1.5702990669671135,-3.9060461984927297,-6.283150567354478,-6.28318558501965,-347.8479648854905
888.0,-1.8847852921377273,0.010597617577348947,-1.570545138969858,-3.905131849681728,-6.283150895600982,-6.279940022727585,-348.24592999474214
889.0,-1.8843979889173565,0.010559612340064322,-1.5707277477046844,-3.911963478971481,-6.2831518280630405,-6.281909259684138,-348.64378311120106
890.0,-1.8874098222613875,0.01052272787849592,-1.5708668541296948,-3.9239449527803405,-6.283152500498407,-6.282659690401649,-349.04280756287017
891.0,-1.8936457030778906,0.010525618328957332,-1.5709447797329315,-3.9364030790164297,-6.283152103848746,-6.282969582330399,-349.4442636825401
892.0,-1.903348570446951,0.010564090054777672,-1.5709834865196186,-3.9376506187255322,-6.283151238183841,-6.28309693221055,-349.8493780013046
893.0,-1.9155817815659915,0.01057517030378893,-1.5710049277705844,-3.935273228463406,-6.283151325052949,-6.283149133180436,-350.25912608637697
894.0,-1.924752753478941,0.010623372966029467,-1.570973192618363,-3.934102554673129,-6.283149474115386,-6.283170522746237,-350.6724942035673
895.0,-1.9301509038522413,0.010654256178658802,-1.5709563036502932,-3.9332770072705747,-6.283148898328954,-6.283179329067341,-351.08803064587875
896.0,-1.9292119272280273,0.010694576349817915,-1.570924792026731,-3.934464404796167,-6.283147998050834,-6.283182927669048,-351.5033553915771
897.0,-1.9252177069978054,0.010691304559894237,-1.5709383824732084,-3.9343656445902195,-6.283149241261128,-6.283184451103791,-351.9171720955538
898.0,-1.9186571379817179,0.010656183816366458,-1.5709575315390274,-3.943594816074071,-6.283150570421028,-6.283185022937434,-352.328609756636
899.0,-1.9110771038972016,0.010658940346810806,-1.570971423032994,-3.950433548389144,-6.283151003320764,-6.283185336610812,-352.737217936731
900.0,-1.9049092068180185,0.010663517146827893,-1.5709942425557233,-3.94528882922456,-6.283151758670018,-6.283185525480078,-353.14335043563784
901.0,-1.8985950886061107,0.010637811505675632,-1.571006882351589,-3.941972957779362,-6.2831525460431665,-6.28318546201723,-353.54702430912477
902.0,-1.893492592274557,0.01061254506923318,-1.5710288761017055,-3.93757231371718,-6.28315318144953,-6.282090410813803,-353.94866957992065
903.0,-1.8843730290241367,0.01065920075124558,-1.5709871791976457,-3.930920049294576,-6.283150949738948,-6.282754883422812,-354.3468844547745
904.0,-1.877139902279743,0.010594834701612748,-1.5710347858114728,-3.929201956093594,-6.283153659204451,-6.283007987946747,-354.7422984411807
905.0,-1.8780546792670696,0.01050120352120957,-1.5711160820960821,-3.9302080628170164,-6.283156271890444,-6.283112557249745,-355.1378864507509
906.0,-1.8765694693222423,0.010539609734199604,-1.571063794622401,-3.941721369292713,-6.283152318051225,-6.283155519033857,-355.53310208922016
907.0,-1.874052728454674,0.010619355441405536,-1.5710315841441203,-3.938500240251717,-6.283150527380733,-6.283173299006706,-355.9273641035866
908.0,-1.8737856133750455,0.010586909488097627,-1.5710560585516231,-3.93506194177187,-6.283152559810765,-6.283180464323051,-356.32144120885994
909.0,-1.8768653765176881,0.010549444219830003,-1.570334005214409,-3.9273212136510285,-6.283153321508379,-6.283183442361777,-356.71655097823844
910.0,-1.880552084458899,0.010557343114001269,-1.5697590228536462,-3.9235606267513905,-6.283152562083321,-6.2831845744348715,-357.11301945506665
911.0,-1.8813243285451298,0.01062094557698801,-1.57013205748322,-3.9235393633260136,-6.283150531953283,-6.2831850492848345,-357.50983712618535
912.0,-1.8810046322464256,0.010635548673437151,-1.5704217143984918,-3.9173209321886686,-6.283150296072531,-6.2831853601308945,-357.906486190241
913.0,-1.8840029931948947,0.010582228690019617,-1.5706610300648838,-3.910092158104301,-6.2831523968066865,-6.283185421587659,-358.30410953952395
914.0,-1.8825171142748434,0.010595866086146129,-1.5707505480561619,-3.9157489939047117,-6.283150485252967,-6.280536147348838,-358.7013317188331
915.0,-1.8826526664917045,0.01056281727805731,-1.5708721911539123,-3.9249285255580793,-6.2831518663676595,-6.282143726180754,-359.09863386811224
916.0,-1.8849853008823563,0.010554551397320661,-1.5709440535889132,-3.935632326043254,-6.283151924230557,-6.282756295659946,-359.4968777918583
917.0,-1.886555080091977,0.010574632356286143,-1.5709645038800852,-3.9503827127654567,-6.283150766979079,-6.283009279567716,-359.8958922522175
918.0,-1.8854699223379983,0.010635043320401443,-1.5709532446245627,-3.9608609748372055,-6.283149596482138,-6.28268667882729,-360.29466893691716
919.0,-1.886634093481874,0.010599375784790333,-1.57100256509307,-3.972742595039138,-6.283152094148036,-6.282988132676835,-360.69395896101935
920.0,-1.88861762467838,0.010618826989084795,-1.5710055231134001,-3.9802624289177,-6.283151875416793,-6.283104277261448,-361.0940892987786
921.0,-1.8957406963689438,0.010588381420165736,-1.571048342623106,-3.98134106887193,-6.283153850702857,-6.283152218021438,-361.49685808929803
922.0,-1.898521131017588,0.010690647263881291,-1.570973680955873,-3.9707270092862736,-6.283150173162829,-6.283171824666299,-361.9006970868518
923.0,-1.896656097378281,0.010661621740568667,-1.570966666023792,-3.973200750106317,-6.283151414781625,-6.283179735292578,-362.30392718602945
924.0,-1.9006407852357172,0.01059727574238509,-1.5710405191697463,-3.968751871490621,-6.283154522761307,-6.283183218523162,-362.70848936787706
925.0,-1.8984275750692245,0.01067323345495955,-1.5709655128330453,-3.9651956487219753,-6.283150470407159,-6.283184513091356,-363.1123230315723
926.0,-1.89191947991662,0.010681752755320717,-1.5709556406237664,-3.96326224939593,-6.283150939779257,-6.283185053121117,-363.5137063176034
927.0,-1.891667828637119,0.010612955940051357,-1.5710377375888884,-3.9513640773426175,-6.281246834841309,-6.283185304658031,-363.9147243311411
928.0,-1.895264514673403,0.010546622239857636,-1.57107253565279,-3.947918122669957,-6.282403034393553,-6.283185308121051,-364.31699212169383
929.0,-1.894948761169821,0.010595615067215146,-1.5710201271176591,-3.949736959245161,-6.282842730969181,-6.283185354944449,-364.7192545811706
930.0,-1.8998380058433304,0.010549274020759516,-1.5710750904635995,-3.9479688789734118,-6.283027229825157,-6.283185483856825,-365.1232316055548
931.0,-1.9040061231357637,0.010548262740677408,-1.5710535679786217,-3.958308542767827,-6.283100524184374,-6.283185441881575,-365.52896897520327
932.0,-1.9076465890447707,0.010572425210872635,-1.571039286288877,-3.971256753714853,-6.283130360685776,-6.283185514765441,-365.9362910987339
933.0,-1.9073527122782392,0.010663757051901096,-1.5709823653287582,-3.9750954250025052,-6.283140533937284,-6.283185610845268,-366.3436530889671
934.0,-1.9090247689528157,0.010629238806476617,-1.571016941272625,-3.9766303769884312,-6.283148762631455,-6.283185560988682,-366.7516249836283
935.0,-1.91092549708859,0.0106501630245488,-1.5710078674037078,-3.970035931606376,-6.283150524200448,-6.2831855681142095,-367.1602551706647
936.0,-1.9065406597004773,0.010017803239298868,-1.5709375847883271,-3.969067369749034,-6.2831493586817,-6.283185423736437,-367.5672763728434
937.0,-1.9001724610658526,0.010126000109745013,-1.5709821370246102,-3.963481737395206,-6.2831518084358,-6.283185523826342,-367.9717923384882
938.0,-1.894530656251032,0.010278752348240149,-1.571006739293478,-3.9588431935780095,-6.283153385826275,-6.283185461466046,-368.3740721462544
939.0,-1.888129243062131,0.010383212461260486,-1.5710106818687053,-3.960194753132389,-6.283153479882312,-6.283185395087569,-368.77394278149484
940.0,-1.881016979221525,0.01048655169421415,-1.5710041210523995,-3.955548145318471,-6.283152515194705,-6.283185518875404,-369.1710801448649
941.0,-1.8769334529851378,0.010482678177694427,-1.5710477998138956,-3.9541656629920197,-6.2831547001847765,-6.283185439521311,-369.56658673982173
942.0,-1.872725538980615,0.010541014396103778,-1.5710329481205567,-3.948921146393377,-6.283153026806544,-6.283185502906523,-369.96047623931224
943.0,-1.869046667625788,0.010564136923244215,-1.5710366712655102,-3.940218816572485,-6.283153116571698,-6.283185475141263,-370.3528976991156
944.0,-1.8715138977912162,0.010518171011898513,-1.5710935055680721,-3.9279499700297804,-6.283155401757979,-6.283185426955107,-370.7459998528259
945.0,-1.8767278079230518,0.010488119738912477,-1.571101793794248,-3.9261673393474563,-6.283154876340311,-6.283185333383602,-371.14098891325006
946.0,-1.8821514842427558,0.010533125843305171,-1.571073955126476,-3.9226525755892387,-6.283152283216649,-6.2831854470621025,-371.5379847533505
947.0,-1.887011724117437,0.010478947182983936,-1.5710641644160643,-3.9323688746955066,-6.283151942856102,-6.283185411374146,-371.9369128402593
948.0,-1.8932782599837066,0.010532179024605329,-1.571055841132998,-3.9333896403973623,-6.283150981213476,-6.283185558446396,-372.3382013773805
949.0,-1.9002117992204781,0.010527650726727712,-1.5710560421811515,-3.943638090691308,-6.2831515597605865,-6.283185485651566,-372.74223762291183
950.0,-1.9070019922064076,0.010615035273919965,-1.5710223492406699,-3.937951312328693,-6.283149783520655,-6.283185591148615,-373.1488305008191
951.0,-1.9060179176791616,0.010704891518822542,-1.5709450594307033,-3.9283365617849495,-6.28314739909574,-6.2820584314898715,-373.5551122300874
952.0,-1.8987862116786285,0.010690017698157053,-1.570935632023068,-3.929249023037772,-6.283149088591424,-6.282742171625741,-373.9587466086313
953.0,-1.8926489862542515,0.010671123158009327,-1.5709786946480584,-3.919829694884994,-6.283151157793578,-6.283002872809731,-374.3599047080272
954.0,-1.89294484052148,0.010564433282179334,-1.5710653092597953,-3.9124590886710022,-6.283154578825987,-6.283110445241462,-374.7609515432877
955.0,-1.899519601270954,0.01052134003343038,-1.5711059903976203,-3.902293366478666,-6.283154683969106,-6.283154626482097,-375.16425892911894
956.0,-1.9034777976509452,0.008125602793120372,-1.5709916688019843,-3.9092462267888175,-6.283150026760909,-6.2831726569032025,-375.56910107266884
957.0,-1.9066458468314806,0.008569690814912555,-1.5711019513847662,-3.9090535671809516,-6.283152256084426,-6.283180354212677,-375.9751624334765
958.0,-1.9071081175317073,0.009270028880162255,-1.5710567914913771,-3.9201583903706356,-6.283150424843314,-6.282860907878707,-376.3816240225003
959.0,-1.9053951215256646,0.009762973156957832,-1.5710242508479662,-3.9309988528489956,-6.2831494468378395,-6.2830578455256045,-376.7876286058488
960.0,-1.9049891664930216,0.01006802757507222,-1.571030715234742,-3.934251723944847,-6.283150275198153,-6.283133000428113,-377.193502324093
961.0,-1.9015113938158092,0.010261968873125167,-1.569175078030807,-3.9305710496580106,-6.283149471484705,-6.283164013369515,-377.59815004730496
962.0,-1.9021233522591339,0.00878964061100089,-1.5697318333440038,-3.929403426422422,-6.28315114959703,-6.283176558760703,-378.0028261858447
963.0,-1.9013629156979897,0.009141621558710233,-1.5702163619224874,-3.926546985578368,-6.283152365529049,-6.283181872973514,-378.407218860588
964.0,-1.8994489927552674,0.009640828840396725,-1.5704805630477294,-3.928204154549129,-6.283151826296288,-6.282530786361485,-378.81093607992574
965.0,-1.893651115213907,0.010053836595648662,-1.570612915770659,-3.917750267102884,-6.283149394113104,-6.282928045481829,-379.21244216652116
966.0,-1.8897710852641705,0.010177633470842324,-1.570790298078364,-3.9181233291196227,-6.28315299780257,-6.28307929000186,-379.612424742638
967.0,-1.886235445711921,0.010334159478581139,-1.5708684553437342,-3.9141367851870235,-6.283151648611967,-6.283141925229056,-380.0110430125654
968.0,-1.885591775377695,0.010379642485261322,-1.570958067340236,-3.9139628469902856,-6.283153126334327,-6.283167529851799,-380.40935144845645
969.0,-1.8895909128397461,0.010373769653462997,-1.571035493975909,-3.924984408237229,-6.283154086283999,-6.2831780977200005,-380.8091767825378
970.0,-1.8940514321315955,0.010486145575229767,-1.5710203695928835,-3.9276650139115965,-6.283150982023679,-6.283182548727538,-381.21073484264434
971.0,-1.9015449135224927,0.010521679739208112,-1.5710422450296542,-3.92243752287309,-6.283151485534057,-6.283184342582146,-381.6150228995863
972.0,-1.9084538588659057,0.010526075323437698,-1.5710358502997628,-3.9286714812615076,-6.283151387100238,-6.2831849161139255,-382.0220467196189
973.0,-1.9108052391604287,0.010602285307439268,-1.5709884794744204,-3.9360622357694606,-6.283149002627253,-6.283185256128763,-382.4301733041327
974.0,-1.9070463149009582,0.010680738791695985,-1.5709427625621422,-3.9388092192152664,-6.283147556166571,-6.283185460388782,-382.83701935818175
975.0,-1.9048118337201103,0.01062052002245828,-1.5709993323276472,-3.945123612199647,-6.283151535934303,-6.283185440947599,-383.24302368145266
976.0,-1.906716853528199,0.010590693714721832,-1.571041362730556,-3.9463674924955776,-6.283152829172915,-6.283185547487475,-383.64969060032996
977.0,-1.9103522943812759,0.010608068560991448,-1.5710395745707073,-3.939488420222845,-6.283152131138857,-6.283185554496361,-384.05765023858174
978.0,-1.91496502521699,0.010588778499568654,-1.5710458235999722,-3.93470953858326,-6.2831524793045315,-6.283185470348364,-384.46730731275034
979.0,-1.9135381521162567,0.010634986126802314,-1.5709876191175425,-3.937747211693006,-6.283149993265171,-6.283185379545755,-384.87659422077047
980.0,-1.912123485585932,0.010628982894847323,-1.5710075066657445,-3.9363439624434027,-6.2831510695281905,-6.283185507084655,-385.2852965736034
981.0,-1.9121945160065486,0.01059335648858738,-1.5710331721573283,-3.938427180314301,-6.28315247034401,-6.283185446368574,-385.6940175705447
982.0,-1.9166779016786633,0.01055323644163086,-1.5710720733819372,-3.9402036352883747,-6.283153646332939,-6.283185486226334,-386.10439583484543
983.0,-1.9177956001579681,0.010607452242249266,-1.571019473065048,-3.944482426959083,-6.283150728086211,-6.283185461815775,-386.5153611391625
984.0,-1.9177403603804097,0.010618990099885517,-1.5710151359529252,-3.9478075783694737,-6.283150938232247,-6.283185501471633,-386.9263652855161
985.0,-1.9141061799501617,0.0106595578199322,-1.5709830966462215,-3.9492086207022954,-6.28314990553768,-6.283185517558375,-387.3360630979852
986.0,-1.912469768711593,0.01059441088275971,-1.5710305327203649,-3.957319446696223,-6.283152949330033,-6.283185465109043,-387.74516844097957
987.0,-1.9143364243619367,0.010273703930684028,-1.5710500399699185,-3.9661439918528547,-6.283153533509523,-6.283185491940401,-388.15502910110996
988.0,-1.9198928663524726,0.010315544145777972,-1.5710788049056592,-3.9722415934061424,-6.283154010140465,-6.2831855551489095,-388.56707215572146
989.0,-1.9250575837936221,0.010429919762334794,-1.5710465838188286,-3.9797266382385224,-6.283152403337861,-6.283185514897878,-388.9812826003678
990.0,-1.9340878382324092,0.010479935026963035,-1.5710616312112398,-3.9806567864028177,-6.283153295987104,-6.283185593874427,-389.39898357274177
991.0,-1.9388954919455532,0.010592392957812616,-1.570991754380696,-3.978240854773568,-6.283150219323962,-6.282921720199329,-389.8186756356376
992.0,-1.9400721072516292,0.010623714663908353,-1.5709742451056643,-3.9789713551230355,-6.283150803513988,-6.283081720046629,-390.2389159092623
993.0,-1.9367898330431275,0.010674523433818238,-1.5709465138945944,-3.9763721691997236,-6.283150137613675,-6.28314276785672,-390.6579128247048
994.0,-1.9394702073175962,0.010561171584392069,-1.5710434033883696,-3.980956863537599,-6.283155668576312,-6.283167854559719,-391.07787682964243
995.0,-1.940217621733689,0.010624230327462266,-1.5710010368868121,-3.981240200860519,-6.28315217164902,-6.283178309732229,-391.49822122941316
996.0,-1.9366382060388123,0.010663569788412377,-1.5709689770631308,-3.9817687426638084,-6.283151169941329,-6.28318252468692,-391.91724933840027
997.0,-1.9286417897960546,0.01070464556036701,-1.5709430061727847,-3.9772959818905176,-6.283150633768132,-6.283184317322812,-392.33313974007757
998.0,-1.9211089844415488,0.01068749612043621,-1.5709728058852244,-3.964425730336212,-6.2831530618983225,-6.283184958675958,-392.74585401618396
999.0,-1.913900873369007,0.010634447972002638,-1.5710016177581645,-3.9566883999201905,-6.283154298863084,-6.283185200935017,-392.74585401618396
